nome,cpf,idade,data,endereco,estado
Sr. Vitor Gabriel Silva,640.719.385-01,90,1933-12-06,"Trevo Emanuel Silva, 482, Vila Tirol, 47847085 Pereira / AP",Rondônia
Calebe Santos,651.297.384-46,40,1984-03-06,"Recanto Moraes, 7, Ernesto Nascimento, 96497-621 da Rosa / PB",Rio de Janeiro
Evelyn Pires,107.643.528-90,80,1944-03-09,"Travessa de Caldeira, 237, Santa Terezinha, 84390313 Sales / TO",Sergipe
Maria Julia Castro,164.750.293-43,76,1947-04-12,"Residencial de Pereira, 20, Jatobá, 62127-165 Gomes de Santos / AL",Pernambuco
Arthur Da Rosa,085.167.249-30,53,1970-04-16,"Parque Almeida, 66, Vila Suzana Segunda Seção, 09805-686 Santos / SE",Santa Catarina
Juan Pereira,520.876.319-21,68,1955-10-25,"Rodovia de Pereira, 51, Estrela, 44830637 Mendes de Moraes / BA",Rio de Janeiro
Dra. Ana Laura Ribeiro,210.764.589-20,69,1954-05-09,"Esplanada Lavínia Ramos, São Francisco, 39467-536 da Mata / SP",Distrito Federal
Maria Clara Araújo,960.342.175-80,41,1983-03-14,"Praça Cavalcanti, 65, Conjunto Celso Machado, 97788-105 Vieira / RO",Paraná
Vitória Oliveira,302.568.479-83,31,1993-03-10,"Esplanada Monteiro, 88, Conjunto Paulo Vi, 06403-281 Moraes / GO",Roraima
Benjamin Oliveira,451.896.703-84,49,1974-05-16,"Ladeira Monteiro, 57, Vila Primeiro De Maio, 76835-491 Moura dos Dourados / CE",Acre
Pietro Barros,843.095.172-50,51,1972-08-19,"Recanto Luiz Miguel Jesus, 35, Vila Aeroporto Jaraguá, 50536-588 Oliveira de Goiás / PB",Minas Gerais
Samuel Cavalcanti,520.679.841-01,89,1934-11-26,"Ladeira de Porto, 38, Nova America, 91782042 Barros de da Mata / TO",Roraima
Ian Da Costa,384.172.609-78,23,2001-01-21,"Via de Jesus, 57, Vila Da Amizade, 93849-206 Correia / PB",Goiás
Dr. Emanuel Costa,736.581.942-19,55,1969-03-09,"Lago Castro, 94, Mariano De Abreu, 24415-900 Porto / RJ",Goiás
Larissa Da Cruz,128.953.704-60,83,1940-11-22,"Setor Isadora da Rosa, 583, Chácara Leonina, 20125668 Teixeira / RR",Mato Grosso do Sul
Diogo Carvalho,078.153.294-97,83,1941-03-10,"Viaduto Pedro Lucas Cavalcanti, 49, Tiradentes, 27653-901 Rezende / RS",Maranhão
Sr. Anthony Almeida,305.184.962-60,37,1987-02-03,"Rua Vitor Hugo Pinto, 21, Anchieta, 08712074 Ramos / RJ",Bahia
Clara Martins,397.201.856-86,77,1947-03-14,"Rodovia Aragão, 245, Conjunto Lagoa, 61224-422 Pinto / MG",Bahia
Dr. Luiz Felipe Cardoso,374.691.850-20,69,1954-07-20,"Alameda de Lima, 65, Boa Esperança, 49621639 Fernandes de Moraes / PE",Amapá
Sr. Calebe Lopes,135.796.802-77,62,1961-10-19,"Trecho Lucas Sales, 24, Dom Bosco, 09228582 da Cunha Alegre / RO",Ceará
Miguel Monteiro,097.521.834-41,54,1969-06-27,"Passarela Igor Novaes, 89, Pompéia, 32670-098 Martins / SE",Acre
Srta. Catarina Da Mata,468.751.390-57,81,1942-07-05,"Sítio Luna Carvalho, 98, Novo Santa Cecilia, 32066-338 Nunes / AM",Acre
João Gabriel Araújo,625.904.731-25,73,1950-09-13,"Esplanada de Castro, 4, Vila Nova Cachoeirinha 1ª Seção, 69704-913 Pires / MT",Roraima
Sr. Nicolas Azevedo,036.458.921-33,35,1989-01-18,"Estrada de Aragão, 1, Vila Barragem Santa Lúcia, 49120-746 Campos / AC",Rio de Janeiro
Kamilly Caldeira,508.379.462-47,44,1979-07-04,"Via Gabriela Nascimento, Madre Gertrudes, 45044395 Nascimento do Galho / AP",Mato Grosso do Sul
Renan Araújo,186.970.354-57,79,1945-03-06,"Travessa Vinicius da Mata, 52, Alta Tensão 1ª Seção, 66380-981 Dias do Campo / CE",São Paulo
Vicente Nascimento,054.921.378-32,63,1961-02-22,"Largo Vieira, Milionario, 78970057 Dias / DF",Ceará
Isaac Rocha,873.402.691-69,57,1966-11-30,"Área Lucas Gabriel Silveira, 51, Anchieta, 55284-530 Rocha / PE",Rio de Janeiro
Julia Das Neves,819.402.563-05,60,1963-08-28,"Jardim Isabelly Gomes, 23, Nossa Senhora De Fátima, 81186-838 da Luz da Serra / ES",Paraná
Breno Rodrigues,196.540.732-34,95,1928-10-24,"Distrito de Silveira, Dona Clara, 14225405 Araújo / AM",Maranhão
Isabel Nogueira,968.502.347-65,63,1960-10-21,"Travessa Ana Júlia da Rocha, Miramar, 01287083 Fogaça do Oeste / TO",Piauí
Anthony Araújo,208.157.463-26,38,1985-09-07,"Avenida Milena Pires, 360, Vila Rica, 71412995 Pereira / AP",Tocantins
Sra. Marina Da Cunha,067.152.389-95,55,1968-09-09,"Rodovia Marcelo Souza, 25, Estrela, 24438186 Vieira / RN",Amazonas
Helena Cardoso,853.471.906-39,51,1972-05-29,"Pátio Alexandre Teixeira, 243, Indaiá, 21474228 Cavalcanti Paulista / RR",Paraná
Luigi Nunes,593.204.186-24,50,1973-06-17,"Via Clara da Rosa, 928, Castelo, 87117-636 Caldeira de Campos / RR",Roraima
Srta. Raquel Da Costa,278.534.619-09,58,1965-05-07,"Estação Ribeiro, 46, Venda Nova, 45512787 Silva / PB",Amazonas
Sra. Ana Vitória Oliveira,120.347.586-17,60,1963-11-01,"Sítio de Cavalcanti, 97, Juliana, 21342254 Monteiro de Campos / PA",Santa Catarina
Luiza Campos,974.281.306-03,52,1972-01-13,"Condomínio de Rodrigues, 52, Conjunto Providencia, 93625-248 da Luz / SC",Tocantins
Lucca Da Paz,526.980.731-95,71,1952-04-14,"Rodovia Vieira, 63, Conjunto Taquaril, 85325522 Pires / RN",Tocantins
Nathan Da Rosa,907.231.564-25,31,1992-11-05,"Recanto de da Conceição, 1, Paraíso, 52583-232 Sales / AM",Ceará
Lívia Silveira,804.125.796-85,61,1962-11-22,"Setor de Azevedo, 375, Castanheira, 56381800 Teixeira das Pedras / AL",Mato Grosso do Sul
Isabel Cavalcanti,492.768.130-04,54,1969-05-10,"Ladeira Pietra Cunha, 13, Vista Alegre, 86652477 Monteiro / PA",Pará
Rafael Nunes,285.917.604-76,38,1985-08-28,"Vereda Davi Lucca Barbosa, 35, Estrela Do Oriente, 38759-767 Rodrigues de Goiás / GO",Goiás
Elisa Fogaça,572.840.693-92,95,1928-12-13,"Rodovia Ana Júlia Araújo, 68, Vila Real 2ª Seção, 22775-108 da Mata dos Dourados / PE",Maranhão
Agatha Ramos,948.061.752-85,23,2000-12-03,"Distrito de Barros, 41, Suzana, 54500-129 da Rocha / RJ",Roraima
Kamilly Rocha,946.031.875-48,59,1964-09-19,"Feira Campos, 17, Cruzeiro, 01967-483 Ribeiro de Pires / DF",Ceará
Antônio Das Neves,435.698.712-82,40,1983-07-31,"Avenida Vitor Hugo Cardoso, 34, Vila São Rafael, 96831280 da Cunha / SC",Rio Grande do Sul
Luiz Gustavo Alves,198.506.473-10,45,1978-07-08,"Rodovia de Souza, 63, Vila Nova Dos Milionarios, 81275-813 Rocha / MS",Rio Grande do Sul
Emanuella Fernandes,097.184.263-96,87,1936-07-21,"Residencial Ian da Paz, 6, Padre Eustáquio, 41928916 Fernandes de Correia / PR",Rondônia
Srta. Ana Beatriz Farias,431.975.068-39,62,1961-08-07,"Ladeira de da Paz, 98, Jardim Dos Comerciarios, 48285699 Ribeiro / PE",Acre
Yago Monteiro,865.279.143-00,44,1979-06-22,"Ladeira Pereira, 21, Buraco Quente, 50425764 Fogaça Verde / BA",Maranhão
Yasmin Gonçalves,017.459.382-14,76,1947-09-26,"Área Barros, 46, Salgado Filho, 98637-706 Alves de Goiás / BA",Paraná
Bruna Nascimento,132.695.407-52,34,1989-04-13,"Vereda Luiz Felipe Costa, 70, Minaslandia, 23088133 Moraes / DF",Roraima
Davi Luiz Nogueira,873.045.912-50,97,1926-12-20,"Vila Sales, 97, Paquetá, 59231544 da Luz Grande / ES",Pernambuco
Ian Monteiro,324.157.968-91,24,1999-12-11,"Favela Alana Ribeiro, 318, Casa Branca, 79179-607 Barros da Praia / MS",Ceará
Srta. Helena Silva,905.164.728-01,35,1988-11-14,"Parque Freitas, 82, Ouro Minas, 59029142 Lima da Prata / AC",Tocantins
Bárbara Novaes,038.496.512-15,88,1935-05-24,"Trecho Bryan da Cunha, 1, Betânia, 61163162 Correia Verde / PA",Amazonas
Sr. Pedro Lucas Costela,534.870.296-00,30,1993-08-24,"Esplanada Moreira, Pindura Saia, 93675777 da Cunha da Mata / ES",Minas Gerais
Rafael Jesus,673.105.482-80,22,2001-08-16,"Campo de Barros, 16, Silveira, 43534-126 Duarte do Galho / DF",Ceará
Sra. Alícia Caldeira,051.382.694-70,89,1934-12-04,"Distrito Esther Campos, 264, Apolonia, 13908-226 Souza / PA",Tocantins
Danilo Martins,760.389.541-39,99,1925-03-30,"Largo Pires, 78, Bacurau, 13125523 Sales Verde / AP",Piauí
Sr. Gabriel Da Rosa,530.641.782-53,49,1974-09-10,"Campo Isabelly Freitas, Novo Santa Cecilia, 94562211 da Mata / CE",Acre
Augusto Teixeira,412.563.970-16,69,1954-11-15,"Favela Maria Novaes, Savassi, 60241424 da Costa das Flores / RR",Rio Grande do Sul
Ana Julia Da Rosa,630.549.782-65,42,1981-10-10,"Trevo Moraes, 5, Cônego Pinheiro 1ª Seção, 38769-503 Ramos de Rocha / SP",Rio Grande do Sul
Lucca Barbosa,836.109.275-77,97,1926-06-12,"Rua Mendes, 337, Penha, 06179-472 Sales do Sul / SP",Minas Gerais
Amanda Da Costa,268.935.074-29,23,2000-11-20,"Lagoa Cardoso, 1, Ambrosina, 61793-758 da Rocha / SP",Mato Grosso
Dr. Francisco Cardoso,430.297.815-50,96,1927-10-30,"Lago Maitê Campos, 31, Braúnas, 72279-259 Costa do Sul / TO",Paraná
Lorena Farias,268.517.934-82,92,1931-04-17,"Residencial Barbosa, 44, Zilah Sposito, 26601655 Aragão de Goiás / AP",Rio Grande do Sul
Anthony Da Costa,935.287.104-97,36,1988-02-13,"Recanto de Rocha, 68, Conjunto Califórnia I, 12467-132 Jesus do Norte / SE",Santa Catarina
Cauã Rodrigues,107.286.439-87,98,1926-02-11,"Vale Gustavo Henrique Alves, 50, Vila Madre Gertrudes 4ª Seção, 75200-837 Correia Grande / AL",Mato Grosso do Sul
Anthony Barbosa,631.750.489-00,86,1937-08-19,"Vila Farias, Vila Satélite, 80983484 Gonçalves de Fogaça / RN",Alagoas
Ana Julia Almeida,179.386.425-09,22,2001-07-20,"Fazenda de Porto, 3, Senhor Dos Passos, 60244655 Mendes / MA",Mato Grosso
Milena Barros,314.602.985-51,73,1950-08-04,"Setor Miguel Pires, 3, Ermelinda, 63141374 Pires / PA",Rio Grande do Norte
Murilo Gomes,759.083.641-93,99,1924-05-22,"Morro de Castro, Vila Pilar, 68132710 Vieira do Sul / SP",Ceará
Daniel Barbosa,812.035.469-98,28,1995-10-05,"Praça Ferreira, 764, Vila Sumaré, 04459429 Teixeira da Serra / CE",Distrito Federal
Dr. Samuel Cardoso,039.124.687-96,47,1977-03-20,"Vereda Cauê Novaes, 14, Conjunto Califórnia Ii, 17511624 Caldeira / BA",Distrito Federal
Ana Laura Sales,863.247.190-22,78,1945-11-24,"Fazenda de Pinto, 42, São Jorge 1ª Seção, 94419954 Correia de Mendes / PR",Rondônia
Mariana Cunha,492.537.016-25,81,1942-07-24,"Loteamento Luiz Felipe Teixeira, 87, Novo Ouro Preto, 09824175 Araújo / AM",Roraima
Sr. João Guilherme Cavalcanti,347.156.029-70,38,1985-09-30,"Quadra Emanuella da Conceição, 29, Cruzeiro, 48756-294 Fogaça de Correia / MS",Rio Grande do Norte
Kamilly Rocha,365.248.907-10,63,1960-10-29,"Rodovia Danilo Costa, 17, Alta Tensão 2ª Seção, 93173-991 Almeida do Oeste / MS",Piauí
Gabriel Nunes,940.813.762-04,55,1968-11-21,"Vila Stephany Lima, Vista Do Sol, 43271006 Costa / PA",Amazonas
Rafael Correia,579.042.183-05,72,1952-01-03,"Morro de Cardoso, 47, Marçola, 82157940 Melo / SE",Piauí
Ana Lívia Barbosa,925.164.380-60,62,1961-05-30,"Lagoa Sarah Azevedo, Monsenhor Messias, 68691-716 Nunes / CE",Pará
Maitê Teixeira,694.815.037-39,90,1933-05-11,"Loteamento Oliveira, 29, Camponesa 1ª Seção, 35499227 da Rosa do Oeste / PE",Rio Grande do Sul
Carlos Eduardo Santos,937.815.426-37,69,1955-03-29,"Largo Nascimento, 97, Delta, 00090-218 Barbosa / PR",Rondônia
Enzo Gabriel Araújo,349.682.017-96,70,1953-09-15,Sem endereco,Rio Grande do Sul
Breno Moreira,184.762.950-49,40,1984-03-23,"Aeroporto de das Neves, 7, Vila Sumaré, 05152-623 Correia das Flores / AL",Paraná
Julia Lopes,106.893.247-31,47,1977-02-13,"Conjunto de Cardoso, 5, Vila Minaslandia, 42663-889 Castro / PR",Roraima
André Lima,645.098.123-70,79,1944-11-06,"Viaduto Cardoso, Belmonte, 18780-365 Monteiro do Campo / RO",Alagoas
João Gabriel Barbosa,190.657.428-67,55,1969-02-23,"Fazenda de Barros, Boa Esperança, 74227859 da Costa / DF",Amapá
Sem nome,438.765.902-56,21,2002-04-13,"Colônia Maria Vitória Moura, Aarão Reis, 87984-967 Rocha de Minas / GO",Ceará
João Felipe Oliveira,830.679.415-00,42,1981-10-18,"Avenida de Cardoso, Madre Gertrudes, 39614351 Porto do Amparo / RN",Distrito Federal
Samuel Vieira,218.305.764-53,39,1984-07-02,"Lagoa Leandro Caldeira, 1, Chácara Leonina, 51972-241 Mendes / MT",Roraima
Lucca Ferreira,237.984.561-19,86,1938-03-30,"Esplanada de das Neves, 5, Andiroba, 55857-900 Moraes do Amparo / MG",Pernambuco
Samuel Castro,582.630.419-70,70,1954-02-04,"Praia Eloah da Mata, 95, Cachoeirinha, 76620-467 Melo / AL",Amazonas
Maria Vitória Teixeira,426.753.091-25,61,1962-12-16,"Praia Carvalho, 7, Vila Nova, 08272068 Costela / PA",Mato Grosso do Sul
Maria Fernanda Farias,907.143.856-20,22,2001-07-18,"Área de Correia, 44, Chácara Leonina, 16210070 Nunes do Sul / AM",Rio Grande do Norte
Fernanda Sales,879.354.102-32,71,1953-02-05,"Vale Lorenzo Almeida, 80, Vila Mantiqueira, 39381-620 Alves Grande / PE",Rio Grande do Sul
Srta. Eduarda Nogueira,602.751.493-07,66,1958-01-13,"Chácara Isadora das Neves, Vila Da Amizade, 25121623 Ribeiro / PB",Rondônia
Maitê Ferreira,016.542.973-99,65,1958-04-24,"Estação Cunha, Calafate, 29389355 Rocha de Gonçalves / PR",Santa Catarina
Catarina Pires,079.186.425-11,47,1977-01-28,"Loteamento de Lima, 1, Vila Primeiro De Maio, 16602-243 Vieira da Mata / MT",Mato Grosso do Sul
Manuela Da Rocha,839.561.470-57,74,1949-05-21,"Alameda de Gonçalves, 79, Saudade, 47129-674 Dias / SP",Paraíba
Nina Moura,604.173.592-25,46,1977-07-23,"Quadra Bernardo Ferreira, 85, Marieta 1ª Seção, 48882-146 Lima de Barbosa / PA",Acre
Pedro Henrique Vieira,526.839.107-03,42,1981-08-14,"Rodovia Alícia Dias, 58, Vila Boa Vista, 14088-768 Campos de Porto / RR",Paraná
Ana Clara Cunha,862.953.107-02,36,1987-04-09,"Rua de Cavalcanti, 8, Vila Da Paz, 01240048 Souza da Serra / AC",Espírito Santo
Pietra Santos,508.672.194-67,94,1929-06-14,"Esplanada de Silva, 1, Vila Puc, 06033-930 Alves de Lopes / GO",Santa Catarina
Sr. Theo Da Conceição,284.517.309-14,25,1998-10-04,"Viaduto de Freitas, 12, Centro, 41526-260 da Cruz dos Dourados / RR",São Paulo
Vinicius Da Costa,023.916.457-16,65,1958-06-03,"Recanto Valentina Pinto, 52, Satelite, 97787-119 Mendes de Barbosa / PA",São Paulo
Pedro Henrique Cunha,519.304.678-93,58,1965-06-03,"Passarela de Santos, 501, Vila Atila De Paiva, 81047029 Oliveira / ES",Pará
Davi Nogueira,564.829.170-11,74,1949-12-14,"Morro Lucca da Rocha, 40, Bandeirantes, 05301527 Nascimento / CE",Tocantins
Luiz Fernando Da Paz,409.816.257-11,80,1943-04-30,"Praça de da Paz, 5, Conjunto Jardim Filadélfia, 17691-504 Cavalcanti / TO",Mato Grosso
Srta. Letícia Rocha,137.580.942-32,76,1947-12-01,"Fazenda João Felipe Souza, 78, Nova Pampulha, 08184872 Cunha / SC",Sergipe
João Nogueira,367.189.054-10,91,1933-02-22,"Rodovia Cauê Monteiro, 50, Heliopolis, 61521177 Martins Paulista / CE",Rio Grande do Norte
João Gabriel Cardoso,962.405.713-34,53,1970-07-13,"Área de Ferreira, 20, Vila Independencia 2ª Seção, 75695006 Melo / AC",Minas Gerais
Ryan Ribeiro,409.157.683-48,95,1928-12-18,"Núcleo Almeida, 41, Vila São Paulo, 63386-457 Novaes / PB",Alagoas
Olivia Das Neves,314.927.586-55,23,2001-01-27,"Lagoa de Vieira, 25, Paquetá, 66090560 Pereira do Campo / AL",Roraima
Sr. Luiz Miguel Pinto,942.816.507-76,55,1968-04-17,"Conjunto da Luz, 6, Chácara Leonina, 95186702 Silva / SC",São Paulo
Elisa Teixeira,217.439.856-73,79,1944-05-07,"Ladeira de Rodrigues, 58, Vila São Francisco, 18153-240 da Mata / ES",Rondônia
Pedro Miguel Das Neves,523.976.081-03,59,1964-12-15,"Jardim de Nascimento, 7, Engenho Nogueira, 72911-524 Moreira do Galho / RS",Rio de Janeiro
Maria Luiza Azevedo,064.253.879-47,76,1947-04-29,"Quadra de da Cruz, 42, Vila Jardim Montanhes, 11782275 Mendes / PE",Sergipe
Lorenzo Silva,642.397.018-13,47,1976-05-09,"Conjunto de da Cruz, 1, Mariano De Abreu, 82687-160 Azevedo de Silva / RJ",Amazonas
Bianca Souza,673.295.108-40,97,1926-05-25,"Colônia Francisco Campos, 7, Vila Betânia, 47223-561 da Costa do Galho / SC",Bahia
Vitor Azevedo,643.978.150-20,70,1953-11-01,"Largo de Barbosa, Vila Nova Gameleira 1ª Seção, 37778-485 Lima / AL",Roraima
Enzo Gabriel Lima,187.604.952-94,57,1967-01-28,"Aeroporto Rezende, Santo Antônio, 22751419 Melo de Porto / SP",Santa Catarina
Eduarda Cunha,093.821.745-32,59,1964-09-17,"Campo de Pinto, 72, Santana Do Cafezal, 22684962 Porto / PI",São Paulo
Sra. Nicole Da Rocha,367.082.149-03,79,1944-10-10,"Setor de Ferreira, 742, Vila Antena, 59176-949 Santos / RR",Amazonas
Ana Clara Santos,430.629.781-04,35,1988-04-15,"Ladeira de Sales, 15, Vila São Francisco, 18447153 das Neves / DF",Paraíba
Enzo Gabriel Castro,694.253.078-65,96,1927-07-11,"Ladeira de Teixeira, São Geraldo, 49881-890 Rodrigues / PB",Piauí
Nicole Ferreira,701.839.246-22,28,1996-02-11,"Aeroporto Duarte, 9, Funcionários, 49849669 Silva do Sul / ES",Amazonas
Erick Sales,498.357.160-48,37,1986-09-13,"Trecho de Martins, 51, Vila Santa Monica 1ª Seção, 87398-775 Nogueira Alegre / PR",Ceará
Anthony Barros,742.053.618-07,42,1981-10-24,"Vila Alexia Viana, 87, Jardim Alvorada, 22732-445 Moreira / PA",Roraima
Renan Da Rocha,986.204.357-10,53,1971-03-08,"Morro Melo, 463, Grajaú, 18981-145 da Conceição / RO",Tocantins
Marcela Santos,843.196.205-42,24,1999-12-23,"Residencial de Aragão, 65, Planalto, 81955-681 Barbosa do Sul / RN",Goiás
Carolina Melo,970.358.142-05,39,1984-06-06,"Vereda Kamilly da Rosa, 80, São Geraldo, 58360617 Castro / SC",Amapá
Lavínia Rezende,946.321.085-70,44,1979-08-19,"Morro Davi Luiz Correia, 38, Vila São Paulo, 55361364 Ferreira do Galho / CE",Rondônia
Srta. Julia Porto,502.731.649-61,75,1948-07-21,"Distrito Ana Laura Aragão, 90, Jardim Do Vale, 37050371 Barbosa / MA",Amazonas
Alana Cardoso,572.934.018-41,32,1991-04-14,"Favela Gonçalves, 32, Cônego Pinheiro 1ª Seção, 62579-612 da Costa Alegre / PR",Rio Grande do Norte
Davi Lucas Cardoso,805.769.423-83,28,1995-11-15,"Viela da Paz, 92, Serra, 95443238 Correia / MT",São Paulo
Raul Santos,315.809.267-03,19,2004-09-11,"Loteamento Emanuelly Sales, 135, Leticia, 56249-362 Fernandes de Peixoto / SP",Alagoas
Igor Melo,261.730.548-17,46,1978-02-03,"Favela Oliveira, 67, Vila Copacabana, 91636157 Rezende / PR",Tocantins
Joaquim Da Costa,274.039.856-56,76,1947-08-10,"Condomínio Campos, 38, Dom Bosco, 49718775 Melo de Minas / SP",Amapá
João Felipe Farias,936.457.180-01,28,1996-01-11,"Estação Milena Silva, 549, Bairro Das Indústrias Ii, 77860945 Silva / PE",Mato Grosso
Manuela Almeida,647.251.980-30,75,1949-01-27,"Feira Alice Ramos, 3, São João Batista, 84904729 Campos Paulista / PE",Acre
Ryan Rocha,248.513.096-51,64,1959-10-25,"Passarela Nogueira, 8, Castelo, 08422194 Pires de Barros / PI",Sem endereco
Luna Da Conceição,935.416.278-91,96,1928-02-19,"Campo Campos, 82, São Pedro, 10003961 da Mata / MA",Mato Grosso do Sul
Manuela Silva,591.372.846-73,18,2005-09-01,"Jardim Beatriz Farias, 11, Acaba Mundo, 79947-311 Farias / AL",Bahia
Maria Vitória Das Neves,761.450.932-34,96,1928-01-05,"Lagoa Cavalcanti, Savassi, 46594-913 Ribeiro do Norte / PE",Minas Gerais
Marcela Cunha,904.312.587-32,45,1978-06-17,"Rua Sales, 4, Universo, 73420661 Rodrigues das Pedras / SE",Pernambuco
Bryan Souza,593.410.876-00,66,1958-03-05,"Viaduto Thales Costela, 23, Mala E Cuia, 14364-941 Farias / BA",Maranhão
Kevin Cavalcanti,658.107.349-01,48,1976-01-29,"Distrito Maria Moraes, 9, Vila Paris, 34507-199 Cardoso / PR",Sergipe
Sr. João Gabriel Martins,794.682.051-85,74,1949-06-14,"Esplanada de Moura, 95, Boa Viagem, 73036474 Pereira do Oeste / MA",Mato Grosso
Gabriela Da Mata,746.021.835-90,67,1956-06-16,"Viaduto de Peixoto, 16, Inconfidência, 10719-934 da Cruz / CE",Roraima
Srta. Júlia Fernandes,650.429.831-98,48,1975-11-19,"Condomínio Leandro da Mota, 20, Jatobá, 87409412 Cavalcanti da Mata / TO",Distrito Federal
Bárbara Silveira,386.019.472-04,40,1983-12-25,"Trevo Carvalho, Vila Paraíso, 27781889 Vieira de Castro / RN",Rio de Janeiro
Vinicius Jesus,549.723.618-91,89,1934-12-08,"Morro de Duarte, Pindorama, 91232749 Cunha / RS",Minas Gerais
Srta. Alice Pires,536.287.940-56,41,1982-07-08,"Praia Ana Carolina Correia, 11, Santa Sofia, 12204735 Rocha Alegre / RO",Ceará
Lara Ferreira,698.517.304-75,72,1951-10-23,"Rodovia de Fogaça, 96, Lajedo, 51730-878 Cardoso do Galho / RS",Distrito Federal
Felipe Freitas,863.410.759-01,98,1925-04-27,"Rua Duarte, 85, Vila Real 1ª Seção, 03399083 Costa do Sul / AC",Distrito Federal
Maysa Pires,852.607.149-11,68,1955-10-08,"Sítio Mariana Almeida, 86, Carlos Prates, 09579-357 Cavalcanti / PR",Bahia
Letícia Da Mata,308.742.169-31,47,1976-08-04,"Aeroporto da Paz, 54, Vila São Dimas, 26750-505 Costa / PR",Rio de Janeiro
Luigi Cunha,623.457.109-34,92,1932-01-24,"Praia Nascimento, 541, Senhor Dos Passos, 52251-024 Cavalcanti do Campo / PA",Sem endereco
Lucas Gabriel Gomes,120.476.398-40,20,2004-02-23,"Distrito de Cardoso, 24, Flamengo, 42222117 Jesus da Prata / PI",Pernambuco
Emanuelly Costela,152.490.783-97,46,1977-10-21,"Vale de Vieira, 67, Suzana, 02233962 Alves / PA",Roraima
Calebe Nascimento,631.974.802-87,85,1939-02-25,"Trecho Brenda Ferreira, 25, Lagoinha, 22650-581 da Luz / RJ",Bahia
Juan Pires,139.648.572-46,76,1948-03-12,"Avenida de Santos, 89, São Pedro, 54483394 Moraes da Mata / MS",Goiás
Lívia Costa,582.793.041-50,81,1942-10-18,"Loteamento Oliveira, 12, Vila Da Ária, 56184582 Pires / AM",Rio Grande do Norte
Davi Lucas Nunes,679.802.341-03,21,2003-01-07,"Vila Viana, 68, Nova Cintra, 01930898 Porto / AM",Piauí
Dr. Lucca Oliveira,806.759.431-75,89,1934-06-24,"Passarela Jesus, 34, Vila Jardim Montanhes, 90668-539 Azevedo / PB",Rio de Janeiro
Eduardo Monteiro,037.529.468-65,61,1962-11-09,"Viaduto Caldeira, Vila Nova Paraíso, 26625-312 Oliveira do Galho / PE",Ceará
Diogo Moraes,571.463.209-52,47,1977-01-12,"Sítio Aragão, 73, Aguas Claras, 39221-650 Barros / RJ",Maranhão
Felipe Freitas,657.014.938-57,18,2005-12-08,"Área Gabriela Nascimento, Ermelinda, 91481282 Silveira / RR",Goiás
Ryan Peixoto,830.126.594-98,27,1996-08-25,"Estrada Agatha Correia, 79, Xodo-Marize, 53021-431 Azevedo Alegre / TO",Pará
Otávio Pires,526.170.894-01,25,1998-07-16,"Pátio Ribeiro, 33, Vila Oeste, 74852-896 Barros da Mata / MS",Rondônia
Thiago Moreira,023.671.984-03,61,1963-01-11,"Residencial Rebeca da Paz, 43, Santa Inês, 11614338 Lima do Sul / SC",Rio Grande do Sul
Pietro Lopes,428.657.913-19,61,1962-04-24,"Aeroporto Moura, 81, Salgado Filho, 80405-323 Moura do Galho / SP",Paraíba
Gabriela Gomes,317.820.469-50,42,1981-04-13,"Parque Mariane Araújo, 1, Flamengo, 01839098 Aragão / RO",Piauí
João Miguel Viana,183.527.069-77,23,2000-05-27,"Estrada de Carvalho, 309, Funcionários, 12346-410 da Luz / DF",Sem endereco
Sr. Luiz Henrique Nunes,031.879.256-77,76,1948-03-17,"Via da Cunha, 11, Sport Club, 89823119 Costela da Mata / TO",Tocantins
Srta. Ana Sophia Viana,937.802.651-68,29,1995-02-18,"Rodovia Agatha Cavalcanti, 27, Santo Antônio, 57644125 Ribeiro / AP",Pará
Sr. Marcelo Aragão,418.379.602-40,85,1938-04-06,"Praça Raul Pires, Maria Virgínia, 04343-264 Cunha / TO",Piauí
Enzo Gabriel Da Mota,018.326.459-24,30,1993-09-22,"Vila Farias, Braúnas, 89867214 Nogueira do Sul / SE",Minas Gerais
Benjamin Da Rosa,195.728.306-86,99,1924-07-29,"Núcleo Maria Luiza Novaes, 100, Xangri-Lá, 43844226 Moura da Prata / RJ",Paraná
Ana Rezende,316.749.285-64,68,1955-10-15,"Esplanada de da Cruz, 73, Eymard, 71825-419 Nascimento / PE",Rio Grande do Norte
Dr. Thomas Dias,267.984.310-03,45,1979-01-13,"Jardim Ana Carolina da Mota, 6, Vila Petropolis, 53256-274 Moura / AP",Paraíba
Breno Ribeiro,803.946.721-78,38,1985-10-05,"Vereda de Costela, 27, Vila De Sá, 07317531 Freitas / MG",Mato Grosso
Lucas Gabriel Novaes,856.074.129-11,41,1982-09-04,"Trevo Manuela Jesus, 927, Ipe, 96781793 Carvalho / SC",Ceará
Vicente Rodrigues,328.147.905-79,85,1938-12-18,"Chácara Cardoso, 14, Vila Aeroporto, 82122066 Fogaça / RN",Rondônia
João Lucas Vieira,985.724.301-05,38,1985-10-18,"Praça de Oliveira, 35, Conjunto Santa Maria, 00397-858 Barros dos Dourados / RN",Maranhão
Dr. Luiz Henrique Freitas,951.720.438-88,47,1976-11-07,"Residencial Luigi Duarte, 6, Manacas, 80721305 Aragão / SC",Pará
Dra. Luiza Da Conceição,189.032.564-33,96,1927-04-29,"Núcleo de Ferreira, 77, Lagoa, 66120668 Freitas do Norte / PR",Ceará
Benjamin Cavalcanti,317.024.958-41,26,1997-11-30,"Área de Fernandes, 37, Vila São Dimas, 93804-699 Pereira / MT",Ceará
Murilo Mendes,653.748.201-17,77,1946-04-20,"Loteamento Porto, 4, Vila Santo Antônio, 40994-158 Jesus / SE",Sergipe
Dr. Renan Rezende,609.342.875-38,65,1958-12-16,"Área de Ribeiro, 688, Vila Vista Alegre, 53424631 Viana / PR",Santa Catarina
Maysa Porto,081.395.764-84,68,1955-09-11,"Pátio Carlos Eduardo Azevedo, 76, Havaí, 05920919 Cardoso do Norte / RO",Bahia
Pedro Lucas Pereira,873.421.560-35,84,1940-01-09,"Quadra Almeida, 83, Paquetá, 47111-767 Ferreira / CE",Santa Catarina
Isadora Nogueira,480.321.579-05,50,1974-01-09,"Feira Almeida, 72, Vila São Dimas, 54779-178 Nogueira da Mata / RJ",Rio de Janeiro
Gabriel Ramos,591.874.320-05,76,1947-08-23,"Viaduto de Freitas, 46, Novo Glória, 68461-422 da Mata do Campo / TO",Mato Grosso
Yago Ferreira,531.842.796-00,87,1936-05-30,"Ladeira Agatha Almeida, 27, Vila Copacabana, 72789380 Santos de Cardoso / RS",Acre
Samuel Da Mata,521.740.968-11,21,2002-11-30,"Residencial Cavalcanti, 50, Grota, 42720-953 Costela / MG",Paraná
Sophie Pinto,317.480.529-50,94,1929-07-19,"Colônia Bryan Costela, 404, Suzana, 19834-441 Rocha / SE",Santa Catarina
Dr. Rafael Souza,436.750.218-07,45,1979-02-03,"Rodovia de Moreira, 6, Santo Agostinho, 88797976 Melo de Rodrigues / AM",Amazonas
Vitor Hugo Lima,450.326.187-80,85,1938-07-30,"Esplanada Oliveira, 654, Serra, 05893442 Barros Grande / PR",Roraima
Dr. Bernardo Da Cruz,230.847.951-50,21,2003-03-03,"Rodovia Thomas Santos, 48, Vila Suzana Segunda Seção, 76192-382 da Cruz / AM",Bahia
Caio Da Cunha,926.084.357-00,93,1930-09-14,"Vila Milena Porto, 70, Marieta 1ª Seção, 21471136 Viana de Minas / RO",Paraíba
Stephany Duarte,642.183.975-46,97,1927-03-22,"Lagoa Rebeca Novaes, 77, São Jorge 1ª Seção, 99459-667 da Luz / SE",Amazonas
Kevin Da Conceição,074.851.296-94,63,1960-04-18,"Núcleo Sales, 59, Novo Das Industrias, 25075979 da Mota / PE",Acre
Srta. Giovanna Aragão,142.765.380-17,76,1947-07-08,"Feira Sales, 82, Coração Eucarístico, 14004-925 Rezende / AL",Paraíba
Pedro Henrique Pinto,653.842.917-37,25,1998-09-20,"Colônia de Azevedo, 22, Centro, 28232955 Vieira / CE",Mato Grosso do Sul
Joaquim Da Cruz,532.784.910-41,30,1993-12-14,"Alameda Fernandes, São Salvador, 47528-909 Vieira do Norte / AM",Rondônia
Leandro Souza,560.218.937-86,29,1994-10-09,"Estrada de Castro, 671, Trevo, 70826-740 Aragão / PI",Rio Grande do Norte
Beatriz Aragão,805.134.927-04,52,1971-07-29,"Trecho Calebe Ferreira, 902, Funcionários, 75361-448 Mendes / AL",Acre
Carlos Eduardo Teixeira,546.310.289-98,48,1975-07-26,"Chácara João Gabriel Correia, 983, Vila Batik, 90033-732 Souza / ES",Distrito Federal
Joana Da Rocha,915.302.864-33,46,1978-03-05,"Lago Maria Cecília Dias, 93, Marçola, 81757780 Nogueira Alegre / MG",Ceará
Lucas Gabriel Da Luz,203.564.197-70,18,2005-12-13,"Via de Santos, Delta, 16982254 da Rosa / DF",Rio de Janeiro
Davi Lucas Da Costa,502.416.973-52,18,2005-11-29,"Viela Mariana Ferreira, 867, Cidade Jardim Taquaril, 41562-571 Almeida da Serra / AL",São Paulo
Henrique Da Rocha,713.508.462-44,33,1990-09-08,"Via Caio Carvalho, 11, Inconfidência, 12395-579 Silveira / AM",Paraíba
Lorena Fernandes,574.913.680-93,92,1931-05-23,"Residencial João Guilherme Campos, Vila Paraíso, 64575-574 da Costa / PR",Paraná
Nathan Nogueira,837.624.059-56,44,1980-03-22,"Vereda Jesus, 420, Monsenhor Messias, 58414-188 Campos / DF",Amazonas
Srta. Maysa Rezende,726.351.894-55,81,1942-09-08,"Setor de da Mata, 49, Zilah Sposito, 64777814 Moraes / PI",Pará
Erick Santos,680.219.745-67,43,1980-06-22,"Rua Lavínia da Rosa, 9, Pedreira Padro Lopes, 34591588 Moreira do Oeste / TO",Rio Grande do Sul
Agatha Sales,983.210.675-30,91,1932-09-01,"Setor de Santos, 49, Itatiaia, 61014707 Vieira de Ferreira / SP",Bahia
Ana Beatriz Moreira,637.980.145-66,63,1960-11-19,"Parque Thomas Nogueira, 74, Outro, 56064351 Nogueira / AM",Alagoas
Antônio Da Rocha,943.127.508-23,26,1998-02-28,"Viela de Mendes, 45, Jardim Leblon, 96236-614 Alves / AM",Maranhão
Dra. Vitória Viana,813.062.954-24,83,1941-03-23,"Loteamento Barbosa, 28, Vila Madre Gertrudes 2ª Seção, 30505246 Viana de Barbosa / RO",Maranhão
Enzo Monteiro,534.021.978-04,43,1980-06-25,"Trevo Barros, 87, Chácara Leonina, 32250-516 Correia do Sul / PR",Mato Grosso
Bernardo Santos,045.837.692-29,18,2005-09-09,"Lagoa Isabella Viana, 20, Zilah Sposito, 57396-028 da Costa / PR",Paraná
Guilherme Cunha,237.961.508-02,25,1999-03-31,"Fazenda Rezende, 619, Vila Da Paz, 12171588 Cunha / PI",Rondônia
Raul Rodrigues,193.685.240-33,47,1976-06-16,"Praça Souza, Santa Inês, 51653-076 Sales / SC",Mato Grosso do Sul
Pietra Lima,591.384.076-39,31,1993-03-28,"Praça Almeida, 81, São Bento, 89716066 Cavalcanti / MT",Pernambuco
Camila Barbosa,560.871.293-59,37,1986-07-11,"Vila Martins, 7, Casa Branca, 24755-263 Rezende do Norte / PA",Bahia
Kaique Almeida,078.359.612-02,68,1955-09-27,"Passarela de Pires, 6, Olhos D'água, 60019-193 Nogueira / MS",Acre
Antônio Porto,015.283.479-60,87,1936-06-19,"Aeroporto Lavínia Porto, 29, Barreiro, 62756-069 da Costa / RR",Minas Gerais
Alana Rezende,216.903.548-60,70,1953-05-23,"Parque de Aragão, 76, Cachoeirinha, 02496-655 Castro dos Dourados / ES",Santa Catarina
Vitor Almeida,134.067.985-00,42,1981-08-06,"Vale Ramos, 60, Vila Santo Antônio, 30951-261 Cardoso / RR",Rio Grande do Norte
Isabelly Da Mota,709.435.816-48,75,1948-05-19,"Loteamento Nascimento, Engenho Nogueira, 51363757 Freitas de Minas / PA",Amazonas
Isis Oliveira,893.246.170-87,77,1946-09-28,"Esplanada João Guilherme Barbosa, 39, Barão Homem De Melo 2ª Seção, 27835-647 Teixeira de da Rocha / AL",Piauí
Carolina Gomes,845.721.639-28,31,1992-05-29,"Parque Nascimento, Vila Minaslandia, 52552505 Pires / AL",Rio Grande do Sul
Srta. Natália Rodrigues,548.329.017-88,76,1948-03-04,"Largo Alves, 654, Vera Cruz, 86331-648 da Mata das Flores / MS",Tocantins
Fernando Ramos,032.489.657-38,51,1973-01-05,"Trevo de Azevedo, 36, Vila Barragem Santa Lúcia, 25527-534 Nunes de Minas / PR",Rio Grande do Norte
Gabriela Da Cruz,109.728.536-77,26,1997-06-11,"Área de Barros, 4, Vila Mangueiras, 34927703 Campos / CE",Maranhão
Noah Cavalcanti,273.901.485-60,83,1941-02-17,"Setor Arthur Barros, 58, Vera Cruz, 74085586 Gonçalves / MT",Paraná
Clara Moreira,079.215.348-05,50,1974-03-30,"Largo Gomes, 85, Vila Da Paz, 12874488 Almeida das Pedras / PB",Roraima
Laura Araújo,134.059.276-25,54,1970-03-16,"Praia Agatha Cardoso, 1, Lagoinha, 89331294 Azevedo / PI",Piauí
Dr. Luiz Otávio Sales,472.931.058-60,77,1946-07-10,"Via Novaes, 81, Vila São Paulo, 75725-378 Viana / MT",Mato Grosso
Emilly Da Mata,839.264.057-83,88,1935-10-11,"Pátio Castro, 51, Vila Trinta E Um De Março, 55241883 Novaes / ES",Amapá
Kevin Rodrigues,086.491.732-50,53,1970-09-05,"Campo Lima, 42, Conjunto Califórnia Ii, 56662-295 Aragão Alegre / PE",Rio de Janeiro
Davi Pereira,209.851.463-89,60,1963-09-23,"Esplanada Rafael Viana, 38, Apolonia, 79597-756 Jesus / MG",Mato Grosso
Thomas Silva,891.342.506-89,20,2004-03-06,"Travessa Beatriz Fogaça, 47, Fernão Dias, 67632359 Ferreira / RN",Bahia
Ana Lívia Da Cruz,135.694.780-84,85,1938-09-06,"Praça Correia, 3, Canadá, 10967-617 da Rocha / RJ",Maranhão
Sr. Vicente Silveira,318.497.065-57,59,1964-11-06,"Viela Maria Cecília Viana, 44, Vila Copacabana, 57773029 Teixeira Grande / PA",Ceará
Sophie Caldeira,403.216.857-17,36,1988-01-28,"Vila Nina Moura, 41, Vila Santo Antônio, 90620403 Cardoso Grande / PA",Piauí
Gabriel Costa,930.751.624-34,59,1964-04-07,"Núcleo Carvalho, 87, Piraja, 27363-406 Aragão / PI",Mato Grosso do Sul
Ana Carolina Costa,680.432.175-80,50,1973-12-15,"Rodovia de da Luz, 710, Saudade, 97753-283 Almeida / RO",Mato Grosso
Maitê Fogaça,543.981.076-57,26,1997-10-29,"Residencial Beatriz Lopes, Ermelinda, 10264438 Pinto do Amparo / RN",Rio de Janeiro
Bruna Caldeira,259.738.061-03,67,1956-05-14,"Aeroporto de Ferreira, 9, Senhor Dos Passos, 60406901 Pinto / AC",Amazonas
Caroline Moura,593.267.014-25,30,1993-04-27,"Chácara da Luz, 27, Bonfim, 19292291 Freitas / SP",Paraíba
Sra. Ana Júlia Pires,561.839.420-06,46,1977-06-19,"Núcleo Cardoso, Barreiro, 53334004 da Mata / TO",Bahia
Dra. Larissa Fernandes,503.491.862-51,43,1981-02-21,"Residencial de Ribeiro, 11, Vila Santa Rosa, 31387-267 Ramos do Galho / GO",Bahia
Rodrigo Da Luz,416.279.350-61,32,1992-02-03,"Aeroporto de Campos, 63, São Gabriel, 23280-868 Caldeira de Costa / PB",Pará
Carlos Eduardo Barros,730.926.451-70,31,1992-05-25,"Loteamento de Rodrigues, Santa Cecilia, 06586958 Sales / GO",Sergipe
Ana Laura Silva,047.183.956-66,51,1972-06-20,"Vale Pinto, 70, Esplanada, 62764-552 Azevedo / PI",Rondônia
Maitê Nogueira,517.209.346-06,65,1958-10-01,"Vale Costela, 5, Parque São José, 96135-251 da Costa / SP",Goiás
Ana Laura Da Luz,681.534.027-90,80,1943-09-26,"Jardim de Barros, 111, Caiçara - Adelaide, 35595-078 Rocha / TO",Goiás
Sra. Brenda Viana,154.768.092-01,75,1948-10-12,"Pátio da Rocha, 793, Vila Rica, 94599043 Pereira do Amparo / ES",Alagoas
Augusto Teixeira,360.458.927-47,93,1930-05-17,"Setor Samuel Porto, 99, Bairro Das Indústrias Ii, 86695-066 da Rocha / AM",Rio de Janeiro
Dr. Francisco Lima,318.062.495-70,65,1959-02-01,"Via Diego Lima, 60, Distrito Industrial Do Jatoba, 23453-385 Rezende da Praia / AP",Roraima
Isaac Da Luz,293.547.680-83,74,1949-09-12,"Área João Lucas Lima, 997, São Benedito, 29475280 Correia do Oeste / RO",Pernambuco
Calebe Jesus,068.549.237-00,46,1978-02-15,"Praia Vitor Gabriel Cunha, 89, Concórdia, 76769-266 Barros de Almeida / SC",Pará
Kevin Melo,786.423.910-22,57,1966-11-05,"Viaduto Juliana Nogueira, Trevo, 27312378 Costela / BA",Bahia
Pedro Miguel Peixoto,079.865.213-68,49,1975-03-26,"Passarela Moura, 85, Vila Rica, 97660-932 Pinto / DF",Sergipe
Gabrielly Almeida,498.065.732-00,29,1994-06-21,"Condomínio de Sales, 62, São Bernardo, 26536-770 da Paz de Farias / PB",Sergipe
Murilo Correia,197.630.548-93,33,1990-11-29,"Estação de Ribeiro, 893, Zilah Sposito, 70649126 da Luz / SP",Bahia
Matheus Dias,156.274.038-53,81,1942-12-02,Sem endereco,Rio de Janeiro
Stella Cardoso,798.061.543-39,55,1968-08-14,"Estrada Ana Ramos, 10, Novo Tupi, 28462177 Nascimento / GO",Paraná
Marcela Barbosa,509.861.437-66,61,1963-03-04,"Estação de Azevedo, 639, Vila Antena Montanhês, 95402652 Souza / MS",Santa Catarina
Ana Carolina Pires,612.803.495-06,87,1936-04-16,"Viaduto Eduarda Pinto, 76, Pousada Santo Antonio, 59415989 da Mota / RS",Goiás
Helena Aragão,791.852.043-23,84,1940-02-19,"Morro Lavínia Almeida, Esperança, 86630-979 da Mota da Praia / AP",Alagoas
João Gabriel Oliveira,496.325.817-09,96,1927-11-21,"Travessa Oliveira, 28, Minas Brasil, 46483592 Cardoso de Pires / MA",Pará
Maria Cecília Vieira,491.372.586-64,87,1936-05-14,"Conjunto de Souza, 842, Petropolis, 42034714 da Cruz de Duarte / TO",Paraná
Lorena Rodrigues,461.372.508-90,45,1978-12-27,"Quadra de Fogaça, 57, Vila Nova Gameleira 3ª Seção, 66845-310 Azevedo / PE",Amazonas
Nicolas Cunha,873.420.651-53,69,1954-09-01,"Estrada de Carvalho, 52, Conjunto Jardim Filadélfia, 52805087 da Rocha Grande / GO",Alagoas
Vitor Hugo Ramos,485.102.396-06,29,1994-08-07,"Travessa Melo, 5, Biquinhas, 66489954 Farias / ES",Mato Grosso
Luigi Aragão,704.296.385-74,40,1984-02-28,"Largo de Rodrigues, 19, Campo Alegre, 45308605 Oliveira / DF",Mato Grosso do Sul
Maria Julia Barros,123.807.596-77,49,1974-06-14,"Área Nogueira, Solimoes, 33583-693 Fogaça de Minas / PE",Piauí
Luiz Gustavo Silveira,178.924.630-03,93,1931-02-16,"Estação Mendes, Colégio Batista, 63789-623 Mendes / PR",Ceará
Ana Júlia Fernandes,795.408.612-76,96,1927-05-16,"Passarela de Carvalho, 69, Coração De Jesus, 30963-058 Jesus de Gonçalves / SE",Acre
Luiz Miguel Novaes,754.892.163-28,26,1998-01-24,"Morro de Nascimento, 17, Coqueiros, 45908-211 Carvalho / MG",Maranhão
Gabriel Santos,142.680.957-30,21,2003-03-24,"Largo Viana, 3, Vila Fumec, 88329854 Duarte Grande / PE",Acre
Srta. Sophie Vieira,624.017.385-17,71,1952-04-06,"Loteamento de Viana, 65, Conjunto Novo Dom Bosco, 74866-542 Gomes / PI",Paraíba
Júlia Cardoso,482.615.097-02,88,1935-07-24,"Feira Gustavo Nascimento, 911, Vila Calafate, 13255-925 Dias da Serra / RS",Espírito Santo
Dra. Gabriela Jesus,846.072.319-40,49,1975-03-04,"Vereda Cunha, Jardim Do Vale, 23769849 Peixoto / ES",Rio Grande do Sul
Dr. João Gabriel Correia,038.254.716-08,48,1975-05-27,"Aeroporto Augusto das Neves, 847, Maria Helena, 14413023 Sales do Sul / TO",Minas Gerais
Luiz Gustavo Jesus,625.914.807-02,98,1925-04-09,"Feira Fogaça, 914, Vila Dos Anjos, 04874-947 Gonçalves / PI",Espírito Santo
Rodrigo Ferreira,527.019.648-49,55,1969-02-27,"Estação Moraes, 13, Carmo, 16880467 Sales / MG",Distrito Federal
Alícia Ribeiro,514.928.607-94,91,1932-04-28,"Feira Maria Julia Costela, 21, Mariano De Abreu, 15900292 Viana / MG",Tocantins
Sr. André Da Mata,169.238.045-15,66,1957-12-07,"Loteamento de Lima, 16, Conjunto Providencia, 30306-177 Vieira / SE",Rio de Janeiro
Srta. Maria Julia Campos,245.317.869-55,64,1960-02-06,"Rodovia Pires, 57, Vila De Sá, 77231854 das Neves de Minas / SP",Bahia
João Gabriel Ferreira,018.962.437-03,94,1929-07-20,"Pátio Carvalho, Vila Primeiro De Maio, 20761463 Cardoso / AP",Maranhão
Thomas Moraes,291.743.085-05,60,1964-02-09,"Parque Melo, 462, Vila Cloris, 72257447 Alves Paulista / GO",Pernambuco
Clara Melo,860.547.139-57,62,1962-02-15,"Alameda Vitor Gabriel Lopes, 52, Pedreira Padro Lopes, 39505-792 Freitas / MS",Amazonas
Luigi Cavalcanti,078.159.423-50,33,1990-07-07,"Campo de Campos, 83, Vila Tirol, 47518-448 Moura / RN",Rio Grande do Sul
Dra. Stella Da Costa,340.968.215-51,53,1970-10-31,"Passarela Oliveira, 48, Santa Monica, 65901774 Barbosa / RO",Santa Catarina
Isabella Da Paz,289.547.630-65,80,1943-12-31,"Via Letícia Nunes, 280, Monsenhor Messias, 23682-395 Porto do Campo / AL",Maranhão
Enzo Da Rocha,874.126.390-13,43,1980-12-28,"Travessa Ribeiro, 92, Pindorama, 41498-699 Costa / GO",Sergipe
Olivia Fernandes,016.793.584-48,50,1973-12-09,"Conjunto Eduardo da Paz, 2, Dom Joaquim, 57205-706 da Rosa / AP",Pará
André Da Mata,648.073.251-08,37,1986-11-05,"Feira Clara Lima, 5, Vila Independencia 3ª Seção, 97223-857 Sales Alegre / MA",Pernambuco
Pedro Henrique Cavalcanti,938.026.157-86,78,1946-02-09,"Núcleo de Rocha, 9, Sport Club, 85502-689 Dias / SP",Paraíba
Joaquim Silveira,671.038.925-12,20,2003-07-18,"Vila de Freitas, 80, Santo Antônio, 64429-208 Souza / AC",Ceará
Mirella Rodrigues,216.854.907-94,46,1977-12-11,"Fazenda de Lima, 95, Vila Das Oliveiras, 24075-695 Santos / RJ",Espírito Santo
Sra. Isabelly Azevedo,087.521.496-76,74,1949-11-23,"Ladeira Caldeira, 5, Vila Paris, 30774-845 das Neves do Galho / AC",Mato Grosso
Dr. Samuel Ferreira,720.936.841-87,35,1989-02-02,"Travessa Ana Lívia da Mata, 63, Madri, 52820362 Correia / ES",Rio de Janeiro
Otávio Carvalho,643.820.751-90,87,1936-07-09,"Residencial Costa, 9, Cidade Jardim Taquaril, 93834094 Cunha Paulista / SE",Distrito Federal
Dra. Stephany Da Mota,154.628.930-51,25,1999-03-16,"Colônia Monteiro, 49, Europa, 08852-447 Souza / MT",São Paulo
Cauê Mendes,152.704.683-44,30,1993-12-15,"Lagoa das Neves, 36, Marçola, 29562-910 Martins do Galho / BA",Acre
Alexandre Nunes,496.028.513-33,51,1972-07-03,"Esplanada Souza, 437, Álvaro Camargos, 13558-006 Costa / MG",Rio Grande do Sul
Maria Fernanda Aragão,372.810.465-53,67,1956-05-24,"Favela de Carvalho, 28, Confisco, 78293-561 Porto / RS",Alagoas
João Guilherme Silva,820.673.951-30,73,1951-03-20,"Praça Caroline Almeida, 19, Conjunto Bonsucesso, 43369846 Carvalho / DF",Rondônia
Lorena Rezende,753.801.692-95,73,1951-03-25,"Lagoa de Fogaça, 92, Pantanal, 50346-679 Fogaça das Pedras / MG",Rondônia
Maria Sophia Da Cruz,690.235.147-34,68,1955-05-27,"Vale Ana Julia Porto, 19, Alto Barroca, 44810-914 Aragão / MG",Espírito Santo
Milena Das Neves,685.910.324-89,93,1930-09-02,"Residencial de Cunha, 20, Santana Do Cafezal, 00664725 Ramos de da Conceição / PB",Rio Grande do Sul
Kamilly Da Cunha,520.916.734-80,66,1957-06-21,"Travessa Lucca Carvalho, 38, Aeroporto, 73024753 Novaes / RO",Roraima
Luiz Miguel Aragão,937.652.018-12,54,1970-03-11,"Aeroporto Ana Clara Oliveira, Indaiá, 32077320 Monteiro das Flores / AM",Goiás
Ana Laura Ribeiro,754.829.630-47,37,1986-11-14,"Praia de da Mata, 18, São Jorge 3ª Seção, 06677252 Melo Verde / RJ",São Paulo
Lorena Da Mota,162.038.754-90,56,1967-05-22,"Favela de Azevedo, 62, Lindéia, 03359507 Ribeiro Paulista / MA",Rio Grande do Sul
Emanuella Souza,617.392.540-07,78,1945-12-06,"Loteamento Ferreira, 493, Lagoa, 76527-079 Barros de Carvalho / PI",Paraíba
Cecília Pinto,498.105.627-30,24,1999-04-16,"Campo Vinicius Campos, 2, Conjunto São Francisco De Assis, 98574-475 Carvalho / MG",Santa Catarina
Pedro Henrique Cunha,584.906.723-00,45,1978-12-27,"Condomínio Bruna Mendes, 55, Pongelupe, 35084954 Dias / CE",Amapá
Sra. Eloah Da Mota,901.387.625-03,32,1991-05-31,"Loteamento Freitas, 30, Primeiro De Maio, 60294-574 Correia do Galho / SP",Acre
Samuel Da Rocha,159.708.423-97,21,2002-05-03,"Trecho de Freitas, 8, Vila Piratininga Venda Nova, 52726355 Gonçalves / TO",Sergipe
Melissa Almeida,705.349.286-92,64,1959-08-13,"Alameda de da Rosa, 2, São Salvador, 19976-771 Moreira / PE",Mato Grosso do Sul
Carlos Eduardo Da Mota,894.571.206-20,98,1925-08-08,"Largo Juliana Barbosa, 182, Concórdia, 78949-350 da Luz / RN",Mato Grosso do Sul
Dr. Vitor Da Mota,789.423.615-28,48,1975-05-17,"Viela de da Paz, Minaslandia, 66289973 da Rocha da Mata / PE",Amazonas
Dr. Diogo Costela,962.153.748-73,36,1987-09-28,"Passarela João Lucas Nogueira, 753, São Pedro, 30597-524 Gonçalves / PE",Rio de Janeiro
Rafaela Rodrigues,578.129.034-60,80,1943-12-10,"Campo Vinicius Silva, 27, Lagoinha, 89600340 Oliveira / AC",Amapá
Vitor Hugo Da Conceição,716.394.582-55,25,1998-04-30,"Viaduto de Castro, 65, Jardim Vitoria, 59934-260 Lima / RR",Tocantins
Ana Laura Caldeira,518.346.792-73,51,1972-10-28,"Estrada de Rocha, 305, Lourdes, 66547-572 Freitas / PE",Alagoas
Dra. Laura Silveira,472.815.960-49,95,1928-12-23,"Pátio Lopes, 1, Varzea Da Palma, 21960284 Moreira do Galho / AM",Piauí
Sr. Rafael Pereira,492.853.701-79,86,1937-06-21,"Recanto Gustavo Pereira, 77, Santo Antônio, 41583781 Teixeira / PE",Tocantins
Manuela Mendes,518.390.462-60,32,1992-02-25,"Largo Kevin Barbosa, 2, Vila Da Ária, 11922167 Farias / MG",Pará
Igor Lopes,073.482.961-22,29,1994-11-19,"Recanto Azevedo, Vila Cloris, 93763674 Alves de Goiás / CE",Santa Catarina
Marcelo Moreira,346.801.792-87,49,1974-10-05,"Trecho Igor Barros, 77, Mariano De Abreu, 03314-220 Martins do Amparo / ES",Pernambuco
Thomas Costela,428.971.360-22,94,1930-03-08,"Alameda de Pinto, Pousada Santo Antonio, 23210876 Silveira / RS",Minas Gerais
Luiz Otávio Gonçalves,637.820.451-90,63,1960-10-10,"Trevo Rezende, 51, Bela Vitoria, 18388-150 Mendes de Porto / MG",Paraíba
Stella Da Costa,063.418.752-07,54,1969-12-25,"Estação de Freitas, 32, Corumbiara, 14711-167 Teixeira / RR",Ceará
Luana Da Cruz,083.527.619-86,29,1994-10-12,"Distrito Rocha, Luxemburgo, 87202478 Araújo / CE",Maranhão
Maria Cecília Lima,132.968.450-89,27,1996-12-02,"Recanto Silveira, 47, Olhos D'água, 47019155 Ramos / ES",Rondônia
Melissa Teixeira,642.987.103-78,70,1953-11-03,"Residencial de Pires, 28, Laranjeiras, 90058-265 Alves de Oliveira / RS",Santa Catarina
Dr. Vinicius Pires,163.584.079-10,38,1986-02-05,"Distrito de Lopes, 397, Alto Dos Pinheiros, 64452311 Caldeira das Flores / MS",São Paulo
Luiz Miguel Farias,962.834.750-00,87,1936-11-03,"Feira Cardoso, 21, Conjunto Minas Caixa, 66461-182 Carvalho de Goiás / RN",Alagoas
Breno Correia,148.592.607-67,40,1983-05-07,"Conjunto Daniel Fernandes, 403, Garças, 71034367 da Conceição do Campo / GO",Mato Grosso do Sul
Laís Costela,306.471.852-53,58,1966-01-18,"Parque Maitê Santos, 42, Boa Viagem, 72176802 Ribeiro Alegre / RS",São Paulo
Dr. Diego Da Mata,293.810.754-41,20,2003-08-22,"Quadra de da Mota, 62, Alto Caiçaras, 27102-258 Rezende do Galho / MG",São Paulo
Letícia Da Mota,852.671.409-02,30,1993-05-24,"Viaduto Jesus, 11, Conjunto Jatoba, 20417-169 Alves de Monteiro / DF",Rondônia
Luna Ferreira,843.729.051-14,54,1970-01-25,"Alameda Anthony Fogaça, 11, Mantiqueira, 77508-379 Aragão / RS",Amapá
Dr. Emanuel Silveira,430.615.728-80,29,1994-04-23,"Quadra de Fogaça, 28, Pantanal, 51254-681 Monteiro / PI",Piauí
Lorena Sales,263.185.049-15,44,1979-12-26,"Fazenda Caldeira, Satelite, 32090552 Freitas / AM",Maranhão
Davi Da Mata,846.350.791-39,55,1969-02-19,"Vila Alves, Jardim Atlântico, 71862-679 Costa / DF",Distrito Federal
Isabel Melo,748.691.235-09,75,1948-12-28,"Feira Enrico Nogueira, 1, Itaipu, 30458-005 Peixoto / PB",Mato Grosso
Raul Oliveira,298.671.453-64,93,1931-01-03,"Rua Pedro Miguel da Luz, 95, Nossa Senhora Do Rosário, 81008796 Moreira do Amparo / PA",Amazonas
Levi Da Mata,192.507.348-32,61,1962-10-21,"Vila de da Mata, Cônego Pinheiro 2ª Seção, 25940-946 Rodrigues / CE",Pará
Heloísa Castro,587.410.632-44,62,1961-05-15,"Sítio de Cardoso, 88, Acaiaca, 38458223 Dias / RS",Rio Grande do Norte
Sra. Júlia Da Paz,046.725.893-74,37,1986-08-19,"Jardim Maria Sophia Ferreira, 95, Vila Nova Paraíso, 26195069 Viana de Rocha / CE",Pará
Luana Viana,213.679.850-21,26,1998-04-01,"Praça de Castro, 980, Ernesto Nascimento, 34433-095 Almeida / SE",Sergipe
Sr. Renan Sales,364.790.582-83,22,2001-04-17,"Praça Olivia Silveira, 49, Novo Das Industrias, 30053-926 Rezende de Duarte / AC",Alagoas
Caio Aragão,714.325.068-62,22,2001-11-19,"Área de Barros, 86, Boa Esperança, 10087-478 Farias / RN",Bahia
Srta. Lavínia Ribeiro,263.019.854-51,75,1948-11-19,"Alameda Gustavo Henrique Gonçalves, 50, Beija Flor, 29914020 Costa de Minas / RJ",São Paulo
Sofia Da Mata,806.539.147-84,21,2002-05-16,"Jardim de Lopes, 7, Planalto, 72162-664 da Luz / AM",Santa Catarina
André Araújo,819.260.374-13,43,1980-04-26,"Alameda de da Mota, 94, Vila Paquetá, 67514889 Lima do Oeste / CE",Acre
Nathan Azevedo,285.976.143-82,85,1939-02-12,"Lagoa Milena Ramos, 4, Caiçara - Adelaide, 27571-728 Cardoso Grande / AM",Roraima
Camila Teixeira,982.743.106-40,46,1977-08-13,"Setor da Cunha, 39, Jardim Montanhês, 78862288 Rocha / RJ",Paraná
Srta. Clara Souza,510.347.682-71,25,1998-08-20,"Área Peixoto, 32, Flavio De Oliveira, 00101-655 Duarte de Mendes / SE",Santa Catarina
Yuri Nascimento,129.578.463-73,57,1966-09-28,"Vereda Matheus Azevedo, 2, Serrano, 64023-772 Vieira de Ribeiro / AC",Espírito Santo
Srta. Marcela Gonçalves,148.296.730-87,83,1940-11-03,"Praia Raul Campos, 12, Conjunto Providencia, 48882013 Azevedo / CE",Pará
João Ramos,936.270.418-87,50,1973-08-28,"Jardim Enzo da Paz, 47, Vila Ouro Minas, 27148341 Cavalcanti de Minas / PR",Rio Grande do Sul
Renan Rocha,720.384.569-92,42,1981-10-08,"Vale Oliveira, 22, Nova Suíça, 87931-582 Sales / RS",Maranhão
Sr. Caio Souza,453.618.092-33,50,1973-07-02,"Conjunto Maria Vitória da Cunha, 59, Serra Do Curral, 73310638 Duarte do Campo / MG",Paraíba
Clarice Farias,743.692.081-22,55,1968-12-22,"Alameda Maria Fernanda Castro, 87, Maravilha, 46556-077 Martins / PI",Roraima
Marcos Vinicius Jesus,597.862.304-00,72,1951-10-12,"Praça de Moraes, 588, Nova America, 32071661 da Rocha do Sul / PA",Ceará
João Pedro Nunes,910.853.462-42,34,1989-09-16,"Jardim de Ramos, 69, Vila Nova Gameleira 3ª Seção, 22927152 Martins Grande / PA",Mato Grosso
Levi Farias,659.421.730-52,45,1978-12-03,"Quadra Mendes, 42, Vila Pinho, 14608-340 Moreira / GO",Rio Grande do Sul
Dr. Enzo Da Costa,791.654.308-75,40,1983-05-07,"Campo Marcela Silveira, 66, Álvaro Camargos, 06681-952 Alves do Galho / AM",São Paulo
Heloísa Alves,029.178.345-79,86,1937-10-06,"Fazenda de Moraes, 637, Buraco Quente, 54488894 Ferreira de Moreira / PR",Paraíba
Luiz Henrique Da Mota,842.957.163-91,20,2004-02-17,"Recanto Alves, 105, Saudade, 04473467 da Mota de Minas / RR",Rondônia
Camila Caldeira,903.721.486-03,54,1969-04-23,"Lago Jesus, 71, Frei Leopoldo, 96443895 Duarte / MA",Mato Grosso do Sul
Arthur Mendes,918.452.370-05,50,1973-12-23,"Esplanada Cauã Teixeira, Jardim América, 82077031 Monteiro do Galho / SP",Rondônia
João Felipe Campos,362.759.410-06,54,1970-03-28,"Praia Heitor Castro, 6, Jardim Leblon, 74490880 da Paz de Nunes / MS",Mato Grosso
Guilherme Azevedo,174.509.362-16,61,1962-07-24,"Viela Benjamin Campos, 1, Pompéia, 36240-367 Mendes da Prata / CE",Distrito Federal
Dra. Laura Cunha,364.701.829-50,46,1977-12-22,"Núcleo Castro, 7, Maria Helena, 76215-850 Duarte / BA",Roraima
Noah Moraes,108.237.569-12,55,1969-04-03,"Estrada Lucas Gabriel Caldeira, 856, João Pinheiro, 66574452 Cardoso / MG",Goiás
Davi Lucca Lopes,260.158.347-90,33,1990-11-27,"Trecho Freitas, 427, Alto Dos Pinheiros, 16352-238 Moura / AP",Maranhão
Sophia Da Cruz,621.439.805-15,39,1984-07-30,"Via Ribeiro, Flavio De Oliveira, 85013933 Lima das Flores / PR",Mato Grosso
Igor Da Luz,740.681.529-85,46,1977-12-16,"Lago Silva, 75, Vila Oeste, 67901-491 Cunha da Serra / AC",Bahia
Dr. Samuel Nascimento,692.581.734-73,86,1937-07-30,"Travessa Duarte, 59, Brasil Industrial, 48304188 Moreira de Minas / RO",Mato Grosso
Maria Fernanda Freitas,968.451.273-28,66,1957-08-10,"Favela Sarah Porto, Conjunto São Francisco De Assis, 82565112 da Rosa de Goiás / DF",Tocantins
Eduarda Costa,206.795.138-68,28,1995-10-31,"Morro Enzo Gabriel Teixeira, 84, Mirtes, 35827-828 Nascimento / RS",Distrito Federal
Lorenzo Monteiro,069.471.258-20,43,1980-07-16,"Área da Mota, 13, Minas Caixa, 62104258 Barbosa do Sul / AP",Mato Grosso do Sul
Caroline Cardoso,618.307.245-17,51,1972-09-08,"Viaduto de Moreira, 1, Vera Cruz, 02303138 Gonçalves do Norte / DF",Amazonas
Henrique Da Rocha,329.504.167-99,21,2003-01-09,"Núcleo Luiz Gustavo Costela, 99, Juliana, 43635569 Peixoto / SE",Minas Gerais
Lucas Gabriel Oliveira,743.568.920-38,51,1972-08-04,"Via Araújo, São Cristóvão, 08165-622 Peixoto de da Rocha / SE",Rio Grande do Sul
Sr. Arthur Jesus,418.370.659-93,96,1927-05-27,"Lago de Cardoso, Santa Cecilia, 78099-314 Santos do Norte / MG",Mato Grosso
Marcos Vinicius Da Cunha,572.130.964-43,48,1976-01-16,"Viaduto de Cardoso, Inconfidência, 16426-137 Castro / PA",Amapá
Antônio Nogueira,061.387.542-71,19,2004-08-11,"Quadra de da Mata, 49, Ouro Minas, 00289438 Cavalcanti da Prata / MT",Pernambuco
Sophia Monteiro,601.245.398-15,90,1933-10-22,"Núcleo Araújo, 155, Lindéia, 82317-263 Campos / PA",Minas Gerais
Dr. Leandro Silva,497.058.612-85,56,1967-12-07,"Estação Silva, 18, Serra, 11636951 das Neves do Amparo / AM",Pernambuco
Amanda Farias,185.243.670-08,99,1924-07-31,"Praia Lavínia Moraes, 29, Conjunto Jatoba, 41571-037 da Luz / RJ",Rio de Janeiro
Srta. Luna Peixoto,912.405.387-23,53,1970-12-14,"Fazenda Rafaela Costela, 37, Havaí, 52291-254 Rocha / CE",Amapá
Sr. Igor Campos,183.502.746-62,54,1969-08-17,"Fazenda Ferreira, 849, Lagoa, 49587-081 Vieira do Norte / AP",Tocantins
Maria Sophia Correia,948.731.065-75,98,1925-10-03,"Residencial Alana Dias, 51, Vitoria, 01961759 Gomes de da Cruz / TO",Tocantins
Bruno Da Cruz,293.415.687-73,22,2001-06-02,"Rua Evelyn da Cunha, 2, Alta Tensão 1ª Seção, 88048-422 da Rocha do Amparo / ES",Espírito Santo
Amanda Cavalcanti,351.698.247-00,55,1968-12-13,"Fazenda de Duarte, 99, São Sebastião, 38375-389 Pires / AC",Roraima
Bruno Melo,721.469.053-52,58,1965-06-26,"Trevo de da Costa, 7, Esplanada, 45022-514 Fernandes de Costela / AC",Roraima
Dra. Elisa Nunes,875.013.249-05,35,1989-01-12,"Vale Erick Moreira, 48, Vila Nova Cachoeirinha 2ª Seção, 07868-934 da Cunha / AP",Rio Grande do Norte
Calebe Ramos,942.816.307-40,59,1964-05-05,"Parque de Moraes, 36, Gutierrez, 82171525 Peixoto de Fernandes / TO",Rio Grande do Sul
Sr. Arthur Moraes,306.927.841-87,80,1943-10-01,"Passarela Lima, 87, Jatobá, 09721-169 Viana Alegre / RJ",Roraima
Júlia Silveira,913.476.508-57,73,1950-11-18,"Pátio Vitor Gabriel Rocha, São João Batista, 91484973 Pereira da Prata / SC",Rio de Janeiro
Sra. Isabelly Silva,732.568.049-00,34,1989-08-28,"Rodovia Agatha Lopes, 7, Vila São Gabriel, 31198992 da Luz / DF",Pará
Dr. Otávio Azevedo,457.821.069-30,79,1944-11-09,"Aeroporto de Ferreira, 2, Santa Helena, 28302071 Oliveira das Flores / CE",Pernambuco
Maria Cecília Aragão,264.571.809-49,99,1925-01-09,"Trevo Aragão, 535, Salgado Filho, 51800-056 Carvalho da Prata / GO",São Paulo
Noah Da Rosa,742.960.813-22,58,1965-05-02,"Avenida Ferreira, 7, Antonio Ribeiro De Abreu 1ª Seção, 17090-502 Rodrigues / DF",Pernambuco
Sra. Laura Azevedo,540.326.187-71,37,1986-06-16,"Viaduto Marcelo Ramos, Universo, 53602-558 Cunha do Galho / SP",Rio Grande do Norte
Dr. Francisco Moreira,702.483.165-08,24,1999-08-25,"Núcleo Silva, 7, Jaraguá, 74430032 Silveira de Goiás / CE",Rondônia
Mariane Das Neves,912.546.308-05,44,1979-10-27,"Rodovia de Freitas, 782, Parque São José, 53886812 das Neves das Flores / SC",Piauí
Enzo Monteiro,309.546.872-56,33,1990-09-15,"Quadra Silveira, 76, João Paulo Ii, 90482-858 Rezende dos Dourados / MG",Piauí
Diego Da Rocha,093.845.726-83,36,1988-01-24,"Conjunto da Rosa, 22, Pindura Saia, 13568-214 Ramos da Serra / MS",Piauí
Ana Laura Da Cruz,798.526.104-49,86,1937-04-28,"Parque Rodrigues, Vila Da Amizade, 99639-698 Costa / RO",Espírito Santo
Ana Sophia Gomes,384.961.725-46,44,1979-07-27,"Lagoa Porto, 44, Unidas, 73111211 Alves / GO",Pernambuco
Ana Laura Costa,502.176.894-85,52,1971-08-17,"Vila Sales, 913, Bela Vitoria, 24276968 Monteiro / SP",Rio Grande do Sul
Felipe Souza,187.950.346-84,55,1968-09-30,"Setor Peixoto, 47, Palmeiras, 57575529 da Cruz / SE",Pará
Luana Novaes,287.430.169-87,78,1945-12-05,"Parque Luiz Gustavo da Conceição, 34, Santa Margarida, 94925-425 Rodrigues Alegre / RS",Ceará
Sra. Yasmin Nogueira,360.925.841-15,48,1975-10-29,"Lago de Rocha, 482, Belmonte, 74471-918 Rocha da Mata / PE",Goiás
Benício Melo,904.652.781-67,21,2002-12-07,"Recanto Maitê Pereira, Vila Suzana Primeira Seção, 94645-027 Silva / DF",Rio Grande do Norte
Daniela Aragão,726.304.851-53,58,1965-07-06,"Feira Otávio Pereira, 93, Piraja, 78140-773 Correia / RR",Paraíba
Davi Luiz Sales,740.692.138-13,44,1979-07-24,"Trecho João Gabriel Pires, 64, Nova Pampulha, 61230820 Souza da Serra / RS",Amapá
Milena Souza,904.358.126-70,85,1938-10-08,"Praça de Ribeiro, 9, Santa Inês, 38053-049 Azevedo / SP",Bahia
Maria Eduarda Ferreira,438.256.190-60,74,1949-09-28,"Passarela de Caldeira, Vila Sesc, 50710-500 Cunha de Dias / AP",Rondônia
Sr. Diogo Lima,302.846.957-00,29,1994-12-06,"Estrada Danilo Monteiro, Conjunto Califórnia Ii, 38793-887 da Mata Alegre / BA",Mato Grosso
Dr. Carlos Eduardo Araújo,496.802.735-47,39,1984-11-09,"Rodovia Sophia Rodrigues, 88, Vila Independencia 2ª Seção, 76814388 Pires / RR",Paraná
Marina Gomes,934.587.620-00,98,1925-12-25,"Lagoa Souza, Copacabana, 16768543 Monteiro / ES",Santa Catarina
Gustavo Henrique Duarte,254.130.968-60,23,2000-05-29,"Área Ana Sophia Pereira, 32, Minas Caixa, 69026-029 Caldeira do Oeste / TO",Minas Gerais
Caio Ramos,832.941.657-73,27,1996-11-06,"Viaduto de Sales, 92, Buraco Quente, 13458-643 Nunes / AL",Paraíba
Rafael Nunes,462.971.358-19,88,1935-04-10,"Núcleo Monteiro, 504, São Bernardo, 15990-096 Porto / TO",Mato Grosso
Enzo Gabriel Cardoso,726.801.549-67,37,1987-01-26,"Núcleo Ribeiro, Vila Nova Cachoeirinha 1ª Seção, 13917300 Ferreira das Flores / PE",São Paulo
Davi Cardoso,065.781.243-90,18,2005-07-25,"Praça Ana Júlia Rezende, 38, Vila Coqueiral, 41709963 Silveira / PA",Rio Grande do Sul
Daniel Pires,274.530.968-47,39,1984-06-13,"Avenida Bruna Rodrigues, 724, Diamante, 12678-518 Rezende do Galho / ES",Paraíba
Brenda Da Mata,532.841.679-19,44,1980-02-29,"Pátio Rocha, 75, Havaí, 43098627 da Cunha / AC",Ceará
Samuel Dias,852.910.634-24,38,1985-11-17,"Viaduto Enzo Gabriel Moreira, 72, Vila Real 2ª Seção, 01069636 Sales de Goiás / CE",Rio Grande do Norte
Gustavo Henrique Da Costa,917.230.485-50,19,2005-03-08,"Residencial Ribeiro, 60, Flamengo, 74294090 Ribeiro / RO",Alagoas
Theo Fogaça,091.584.236-05,48,1975-06-26,"Travessa Cardoso, 95, Alta Tensão 1ª Seção, 42836-344 Lima / MT",Acre
Sra. Alexia Carvalho,483.106.527-71,24,2000-03-31,"Quadra Lorenzo Pires, Vila Olhos D'água, 03485618 da Rosa de Correia / AC",Rondônia
Juliana Martins,432.807.956-56,84,1939-06-04,"Campo de Souza, Vila Jardim São José, 04692667 Carvalho / RR",Bahia
Luiz Gustavo Da Rosa,280.753.914-97,85,1938-06-09,"Via de da Paz, 5, Dona Clara, 30465-337 Oliveira de Goiás / AL",Paraná
Gabriela Freitas,367.520.481-26,30,1994-03-10,"Trevo Carvalho, 9, Grajaú, 40077-715 Moraes da Serra / BA",Rio Grande do Norte
Enzo Gabriel Vieira,812.564.079-76,22,2002-01-28,"Travessa Novaes, Boa Vista, 29032951 Aragão / TO",Rio de Janeiro
Srta. Luna Nascimento,815.732.049-60,69,1954-06-13,"Passarela de Nascimento, 916, João Paulo Ii, 86360-200 Duarte do Amparo / AL",Rio de Janeiro
Sophie Da Mata,971.238.045-97,70,1953-04-10,"Avenida de Almeida, 78, Vila Atila De Paiva, 41400947 da Cunha / AL",Maranhão
Clarice Alves,973.846.520-65,22,2001-12-02,"Avenida Heloísa Costa, Cabana Do Pai Tomás, 54742254 Cavalcanti / AC",Mato Grosso
Catarina Rodrigues,138.640.975-84,84,1939-11-26,"Núcleo Farias, 97, Lourdes, 55915-124 Gomes de Souza / RR",Paraná
Antônio Vieira,017.236.854-53,89,1934-10-25,"Favela de Lopes, 473, Lagoinha Leblon, 41398-890 Peixoto / PR",Sergipe
Dr. Nicolas Da Conceição,105.236.748-80,25,1998-06-04,"Quadra Mariana Costela, 87, Grajaú, 64615642 Ferreira / BA",Roraima
Maria Alice Da Costa,290.738.654-92,88,1936-02-17,"Rua Cardoso, 76, Olhos D'água, 25842688 Barros Alegre / MA",Amapá
Sr. Lucca Martins,906.435.128-70,56,1967-08-30,"Pátio Paulo da Rosa, 93, Belvedere, 57898-196 Melo / TO",Tocantins
João Pedro Costa,532.940.718-41,68,1955-09-12,"Feira Cardoso, Conjunto Minas Caixa, 88969-195 da Mata / RN",Ceará
Maitê Gonçalves,034.719.856-20,97,1926-09-20,"Distrito Giovanna Rodrigues, 37, Marieta 3ª Seção, 62839-349 da Mata / PR",Acre
Ana Laura Ferreira,326.490.578-74,72,1952-01-29,"Estrada de Ramos, Garças, 28169898 Santos das Pedras / RO",Paraná
Sabrina Da Mata,172.548.960-02,30,1994-01-31,"Viela de Moraes, 56, Vila Maria, 42762903 Fogaça de Goiás / MS",Rio Grande do Sul
Alexandre Das Neves,183.904.625-24,93,1930-07-19,"Área de Novaes, 52, Itapoa, 66232412 Fogaça do Oeste / ES",Acre
Isadora Da Cunha,471.928.063-31,54,1969-08-31,"Viaduto Freitas, 622, Jardim Atlântico, 10686-144 da Rocha Paulista / PE",Minas Gerais
Dr. Luigi Fernandes,834.265.197-55,72,1951-07-16,"Distrito Thomas Pires, 77, Bairro Das Indústrias Ii, 44279-855 da Cunha / MT",Amapá
Sr. Yago Cavalcanti,758.901.423-05,93,1931-03-01,"Estrada Melo, Vila Independencia 3ª Seção, 33664610 Cardoso / AM",Amapá
Carolina Peixoto,396.720.418-96,63,1960-06-26,"Loteamento Dias, 21, Camponesa 1ª Seção, 82741936 da Rosa / RN",Amazonas
Ana Lívia Porto,067.412.835-44,74,1949-09-26,"Colônia Vieira, 6, Milionario, 96648865 Moraes / SE",Mato Grosso do Sul
Henrique Da Mata,896.724.305-74,33,1990-12-25,"Aeroporto Vinicius Rezende, 18, Conjunto São Francisco De Assis, 55527-291 da Paz do Campo / PR",Rio de Janeiro
Enrico Aragão,490.851.376-75,93,1930-06-30,"Praça Almeida, 95, Vila Novo São Lucas, 69709-867 Moraes / AP",Bahia
Milena Cavalcanti,523.064.179-70,25,1998-09-15,"Trecho Kevin Castro, 70, São Geraldo, 98131993 Sales / PR",Tocantins
Davi Lucca Melo,731.984.025-14,96,1928-02-22,"Passarela Kamilly Moreira, 704, Cardoso, 41864-156 da Cunha / SP",Goiás
Clarice Fernandes,192.763.485-73,87,1936-12-27,"Vereda Jesus, 7, Esplanada, 50230404 Teixeira Verde / SP",Pará
Dr. Luiz Fernando Das Neves,146.387.259-37,58,1966-02-21,"Viaduto de Martins, 24, Vila Antena, 55987-196 Araújo do Amparo / RO",Ceará
Caio Azevedo,428.759.361-82,73,1951-03-04,"Largo Cardoso, 23, Vila Nova Gameleira 2ª Seção, 29717727 Ferreira / AL",São Paulo
Enrico Novaes,457.692.038-38,73,1950-11-08,"Vila Heloísa Barbosa, 666, Conjunto São Francisco De Assis, 19537340 Farias / RN",Pará
Ana Clara Moreira,075.412.368-53,87,1936-12-15,"Residencial de Aragão, Andiroba, 91004-368 Cardoso / SC",Piauí
Enrico Ribeiro,965.734.108-66,26,1998-02-24,"Loteamento Lopes, 2, Vila Satélite, 54279721 Ramos da Prata / CE",Paraná
Evelyn Aragão,548.372.061-07,85,1938-04-19,"Estrada Rebeca Caldeira, 440, Marçola, 11027-170 Freitas Grande / GO",Espírito Santo
Thales Moreira,406.135.728-07,63,1960-07-31,"Quadra Farias, Jardim Guanabara, 71294724 Caldeira / RO",Roraima
Heitor Mendes,097.426.351-61,56,1968-01-13,"Lagoa de Farias, Alta Tensão 2ª Seção, 86838429 Pires / AL",Amazonas
Sarah Nascimento,938.574.026-10,40,1983-05-14,"Largo de da Costa, 400, Vila Jardim Alvorada, 20608-388 Cardoso de Cardoso / CE",Rondônia
Sra. Yasmin Melo,510.274.968-49,18,2005-07-22,"Loteamento Almeida, 821, Conjunto Santa Maria, 15401946 Nunes de Goiás / TO",Pernambuco
Sr. Marcelo Costela,895.603.427-38,23,2000-08-16,"Chácara Clarice da Costa, 135, Cardoso, 90569-230 da Luz Verde / BA",Piauí
Maria Cecília Araújo,752.943.601-52,76,1948-03-20,"Distrito Nathan Melo, 3, Universitário, 45685584 Almeida / PA",Minas Gerais
Enzo Gabriel Ribeiro,965.231.708-02,63,1960-06-20,"Recanto Nunes, 87, Vila União, 40623-455 Moura / AP",Roraima
Miguel Da Rosa,168.907.235-03,43,1980-04-24,"Esplanada Carvalho, 8, Paulo Vi, 43997-378 Correia / CE",Goiás
Maria Vitória Ferreira,914.863.027-69,23,2000-11-09,"Lago Lima, 6, Providencia, 64509-958 Porto / SP",Ceará
Sr. Vitor Gabriel Gomes,348.902.157-60,48,1975-11-29,"Vale Costela, 49, Jonas Veiga, 14400-610 Nogueira / MT",Alagoas
Bianca Pinto,541.908.362-06,80,1943-05-29,"Lagoa Sales, 43, Vila Santa Monica 2ª Seção, 48899443 Jesus / AL",Goiás
Igor Melo,519.307.648-39,97,1927-03-31,"Viaduto Nogueira, Grota, 13502920 Ferreira do Norte / RO",São Paulo
Sra. Vitória Carvalho,528.049.736-38,35,1989-02-20,"Jardim Fernanda Moura, 767, Cdi Jatoba, 32504010 Moreira dos Dourados / AM",Mato Grosso
Sofia Duarte,412.835.697-28,18,2005-07-09,"Morro Isaac Freitas, 543, Vila Nova Cachoeirinha 2ª Seção, 97116686 Costela / RR",Rio Grande do Norte
Brenda Nogueira,160.294.358-33,56,1967-07-23,"Pátio de Almeida, 4, Mala E Cuia, 08990015 Aragão da Mata / TO",Amazonas
Rafael Fogaça,569.137.028-68,93,1931-03-04,"Setor de da Rosa, 401, Nova Vista, 61631-368 Cavalcanti do Amparo / SP",Maranhão
Ana Nascimento,295.701.634-61,72,1951-11-22,"Chácara de Martins, 14, Nossa Senhora Do Rosário, 72885-747 Moreira / RN",Amapá
Dr. Juan Da Rocha,475.683.021-80,74,1949-10-02,"Ladeira de da Mota, 16, Vila Jardim Leblon, 67696-414 Nascimento do Amparo / MT",Amazonas
Ana Laura Rocha,531.672.409-70,32,1992-01-11,"Sítio Thomas Rodrigues, 41, São Damião, 21922138 Pinto / AL",Piauí
Maria Alice Da Rocha,906.324.817-22,90,1933-12-22,"Travessa de Correia, 46, Guarani, 34453-251 Souza / AC",São Paulo
Elisa Lopes,790.412.658-30,99,1924-07-02,"Passarela Alexandre da Cunha, Vila Coqueiral, 15467-423 Cunha / RR",Mato Grosso
Davi Lucca Pereira,597.038.421-60,70,1954-01-28,"Jardim de Barros, 16, Vila Califórnia, 19490812 Teixeira Alegre / CE",Amazonas
Marina Fogaça,410.275.689-20,61,1962-04-07,"Praça Luiz Henrique Correia, 81, Guaratã, 57294-260 Pereira / PE",Goiás
Bernardo Ramos,105.689.243-98,80,1943-09-03,"Lagoa Luiza Gonçalves, 979, Piratininga, 04066541 da Mata / SE",Amapá
Ana Lívia Lopes,971.503.862-02,63,1960-11-10,"Parque de Barbosa, 57, Anchieta, 16750-400 Lima / GO",Ceará
Miguel Silva,920.437.568-00,40,1984-02-28,"Ladeira das Neves, 9, Nova Floresta, 61985548 Carvalho do Sul / PE",Rondônia
Sr. Arthur Da Cruz,693.084.275-38,83,1940-06-24,"Lago de Cavalcanti, Vila Betânia, 10086-430 Nunes / TO",Sergipe
Julia Da Mota,571.402.968-20,75,1948-09-30,"Feira Nogueira, 68, Santo Antônio, 23309816 da Cunha do Campo / TO",Rio de Janeiro
Agatha Rocha,853.279.160-30,52,1971-11-01,"Setor de Dias, São Benedito, 48841767 Sales da Serra / RS",Alagoas
Isabel Cardoso,608.127.493-40,95,1928-08-11,"Campo da Mata, 42, Morro Dos Macacos, 65731-340 Santos / MG",Mato Grosso do Sul
Marcos Vinicius Moura,451.293.876-19,64,1959-11-29,"Parque Dias, 687, Paulo Vi, 49685-024 Mendes / PR",Rio de Janeiro
Levi Da Cunha,718.469.350-75,98,1925-04-28,"Colônia de Viana, 6, Pongelupe, 67120-856 Jesus Alegre / SE",Alagoas
Cauã Vieira,427.103.569-61,76,1947-07-29,"Via da Mata, Bernadete, 38006-140 Campos / RO",Piauí
Maria Alice Ferreira,105.239.746-80,37,1986-05-01,"Praça de Duarte, 194, Guarani, 14287-231 Campos das Flores / MT",Amapá
Dra. Isabelly Souza,725.469.810-30,33,1990-05-23,"Campo de Moura, 60, Primeiro De Maio, 96794431 Martins Grande / RN",Distrito Federal
Heitor Rezende,174.689.053-39,72,1951-09-28,"Área Duarte, 628, Conjunto Lagoa, 02753538 Caldeira / RR",Acre
Maria Vitória Jesus,493.861.520-70,47,1977-02-16,"Sítio de Moura, 13, Paraíso, 39110-733 Souza do Norte / RS",Roraima
Emanuel Duarte,762.084.591-76,21,2003-02-23,"Rua de Fogaça, 71, Ouro Preto, 35703-947 da Paz da Mata / AM",Santa Catarina
Ian Lima,163.458.907-66,86,1937-07-05,"Rua de Martins, 9, União, 15652-188 Castro / AC",Roraima
Vitor Alves,687.901.342-22,27,1996-06-13,"Esplanada Ana Laura Oliveira, 667, Ribeiro De Abreu, 79395-958 Farias das Flores / DF",Distrito Federal
Rafael Ramos,946.581.073-84,69,1954-05-17,"Esplanada Almeida, 4, Vila Fumec, 39123310 Silveira Grande / PR",Alagoas
Ryan Da Cunha,412.637.059-52,86,1937-11-04,"Morro de Cardoso, Camponesa 2ª Seção, 49627-572 Dias de da Paz / GO",Sergipe
Maria Da Cunha,539.201.486-06,77,1946-10-07,"Residencial de Duarte, Vila União, 83800-181 Jesus do Sul / PE",Rio de Janeiro
Srta. Milena Cardoso,832.047.961-40,66,1958-03-07,"Praça Almeida, 71, Capitão Eduardo, 13730300 Ferreira dos Dourados / RJ",Bahia
Bryan Ramos,043.619.582-89,30,1993-10-30,"Praia Costa, 35, Jardim Leblon, 29456317 Lopes / GO",Roraima
Luigi Santos,273.940.165-52,37,1987-01-04,"Via Luigi Peixoto, 61, São Gabriel, 48847273 Porto da Mata / AP",Amapá
Isabella Duarte,023.856.714-17,43,1980-09-28,"Estrada Diogo da Mata, 91, Vila Nova Cachoeirinha 3ª Seção, 89436-034 Vieira do Oeste / PI",Espírito Santo
Sophie Azevedo,214.796.580-49,97,1926-08-11,"Rua Kaique Freitas, 8, Universo, 75626-745 Barros / RR",Amazonas
Matheus Carvalho,592.863.174-09,60,1963-08-31,"Viela de Almeida, União, 65843844 Barbosa / RN",Minas Gerais
Júlia Da Cruz,714.093.856-39,94,1930-02-12,"Lagoa João Pedro Alves, Das Industrias I, 30340295 Oliveira de Goiás / PB",Goiás
Vitor Peixoto,489.215.063-06,76,1947-07-24,"Trevo de Cardoso, 40, Vale Do Jatoba, 22565-264 da Cunha do Norte / RS",Mato Grosso do Sul
Amanda Castro,305.817.249-41,43,1980-04-05,"Favela Erick Pereira, 672, Vila Copacabana, 16489668 Barros / AM",Roraima
Lucas Lima,240.719.568-01,91,1932-06-16,"Vale Igor Castro, 928, Maravilha, 19728761 Pereira do Oeste / BA",Bahia
Raquel Ramos,052.793.146-25,66,1957-10-16,"Vereda de Costa, 27, Madre Gertrudes, 11830634 Gonçalves / RN",Roraima
Dra. Rebeca Nascimento,431.987.625-37,82,1941-04-07,"Residencial Nogueira, 954, Vila Oeste, 79622-042 Sales do Norte / PB",Tocantins
Theo Da Conceição,846.571.329-46,29,1995-03-22,"Fazenda Maria Ribeiro, 81, Vila São Paulo, 48192917 Silva / SE",Acre
Thiago Da Cunha,631.409.258-24,90,1933-06-08,"Viela de Aragão, 291, União, 68336231 Moraes de Pires / RJ",Rondônia
Davi Lucas Moreira,169.854.207-02,59,1964-12-30,"Estrada de da Costa, 92, Vila Do Pombal, 01699471 Nascimento de Cavalcanti / PA",Sergipe
Helena Costela,950.372.681-68,28,1996-02-01,"Colônia de Fogaça, 78, Vila Aeroporto Jaraguá, 63760-406 Rezende da Praia / AC",Roraima
Beatriz Peixoto,243.718.069-96,80,1943-04-11,"Campo de Moura, 904, Alto Caiçaras, 12573-093 da Costa de Souza / PE",Bahia
Luigi Fernandes,846.057.921-20,48,1976-02-02,"Estação Igor Cunha, 21, Pilar, 56540380 Peixoto / PB",Roraima
Gabrielly Almeida,831.540.927-14,66,1958-01-11,"Estrada da Conceição, 23, Indaiá, 00460-397 Pires de Pereira / MS",Pará
Samuel Sales,439.526.781-55,75,1948-08-19,"Morro de Costela, 73, Vila Da Luz, 54910873 da Rosa / MG",Rondônia
Dr. Otávio Costa,095.216.837-59,36,1987-08-09,"Chácara da Conceição, 2, Juliana, 64511082 Campos das Flores / BA",Ceará
Srta. Ana Beatriz Da Mata,429.807.615-67,91,1933-01-28,"Feira de Martins, 79, Vitoria Da Conquista, 46900111 Campos Alegre / PA",Alagoas
João Rodrigues,594.081.276-76,25,1999-02-19,"Colônia Duarte, 56, Marmiteiros, 09414-573 Vieira de Lopes / PE",Pernambuco
Nathan Farias,521.097.438-32,39,1985-01-12,"Travessa Joana Gonçalves, 44, Lajedo, 43222-218 Barbosa / AL",Mato Grosso
Dr. Rafael Pereira,581.967.342-55,56,1967-07-15,"Sítio Isis Campos, 81, Distrito Industrial Do Jatoba, 70530-763 da Cunha Grande / AC",Amapá
Júlia Pereira,871.263.590-12,29,1995-02-08,"Lagoa Santos, Petropolis, 36901-640 da Cunha / MT",Bahia
Dra. Laura Barbosa,031.769.482-04,67,1956-12-23,"Ladeira de Moura, 84, Nova Suíça, 58827544 Almeida de da Mota / RR",Minas Gerais
Juliana Pinto,385.410.967-93,70,1953-12-18,"Rodovia Sales, 21, Vila Canto Do Sabiá, 79051-262 Mendes / PI",Rio Grande do Sul
Joana Monteiro,138.960.745-39,55,1968-09-29,"Parque de Costela, 668, Aguas Claras, 24355112 Duarte / TO",Acre
Dr. Yago Da Rocha,698.157.432-28,75,1948-06-15,"Fazenda Cavalcanti, 859, Alto Barroca, 69950997 Rezende de Goiás / MT",Rondônia
Miguel Nogueira,869.312.407-22,56,1967-07-12,"Quadra de Ferreira, Cenaculo, 49974-369 Barbosa Alegre / PI",Piauí
Isadora Da Rocha,725.134.690-70,95,1929-02-20,"Via Igor da Mata, 81, Laranjeiras, 85218769 Correia / ES",Amapá
Clara Costela,380.179.245-50,81,1942-07-13,"Trevo João Pedro Araújo, 7, Sagrada Família, 68500851 Cardoso do Amparo / DF",Alagoas
Dr. Enzo Gabriel Rocha,473.526.019-61,62,1962-04-03,"Condomínio da Cunha, 4, Unidas, 30425743 Barbosa / PA",Alagoas
Maysa Monteiro,615.387.024-44,94,1929-10-27,"Parque Henrique Teixeira, 32, Grotinha, 57134822 Cunha do Sul / RR",Santa Catarina
Maria Alice Da Rosa,710.863.549-66,29,1994-05-09,"Vereda Silveira, 8, Bom Jesus, 17672142 Costa Paulista / RR",Paraíba
Maysa Lopes,196.075.284-76,60,1963-05-30,"Avenida de Araújo, 28, Esplanada, 01624-960 Silva Verde / RS",Mato Grosso
Srta. Yasmin Jesus,586.104.732-44,91,1932-05-28,"Fazenda Letícia Costela, 6, Petropolis, 61073-640 Cardoso do Campo / AM",Pará
Mariana Costela,372.684.905-00,38,1985-11-09,"Campo Peixoto, 75, Independência, 20101298 Sales / SC",Rio Grande do Norte
Clara Almeida,842.609.735-92,35,1988-11-23,"Parque Eloah Costa, 91, São Geraldo, 63810102 da Cunha / RS",Alagoas
Sofia Aragão,687.231.504-08,35,1988-08-13,"Rua de Santos, 955, Ambrosina, 57866655 Silveira de Costela / RS",Mato Grosso do Sul
Elisa Barros,546.180.379-20,27,1997-01-19,"Estrada Sales, 13, Jardim Felicidade, 75253131 Silveira Grande / RN",Espírito Santo
Joana Silva,349.051.867-57,24,1999-09-19,"Chácara Miguel Fogaça, Laranjeiras, 52800515 Souza Verde / PE",Pernambuco
Lorenzo Porto,812.943.670-13,63,1960-05-14,"Avenida de Araújo, 1, Nossa Senhora Da Aparecida, 80268064 Farias do Norte / GO",Minas Gerais
Vitória Barbosa,583.672.910-77,47,1976-10-19,"Vale de Monteiro, 267, Marieta 2ª Seção, 18778381 Rocha de Novaes / ES",São Paulo
Alícia Da Rosa,035.689.421-51,83,1940-04-05,"Trecho Luana Barros, 338, Santa Maria, 59886-064 Oliveira dos Dourados / MG",Maranhão
Lucas Monteiro,739.164.508-75,97,1926-12-11,"Parque Enzo Almeida, 62, Piratininga, 40855025 Mendes de Cardoso / AC",Alagoas
Rodrigo Caldeira,816.723.954-37,47,1976-12-22,"Condomínio Joana Lima, Piratininga, 68175-021 Aragão / MT",Bahia
Luna Rezende,456.197.830-57,51,1972-05-21,"Esplanada Matheus da Costa, 90, Paulo Vi, 45629272 da Cunha do Sul / RN",Roraima
Diogo Rezende,680.419.253-24,80,1943-12-01,"Residencial Novaes, 84, Vila Da Amizade, 20541475 Souza / PI",Bahia
Anthony Da Costa,805.693.271-21,65,1959-01-09,"Praia Ian da Mota, 383, Nova Cintra, 10778-914 Azevedo / RO",Santa Catarina
Maria Cecília Vieira,716.239.854-55,58,1965-07-10,"Rodovia Emanuel da Cruz, Nova Esperança, 55412380 Barbosa / PE",Amazonas
Sra. Maria Julia Novaes,019.487.625-01,42,1981-04-27,"Ladeira da Cruz, 635, Coqueiros, 88216574 Cavalcanti da Serra / BA",Paraíba
João Pedro Peixoto,243.158.976-55,64,1960-02-10,"Trecho Cavalcanti, 3, Acaba Mundo, 20198027 Cardoso / PR",Acre
Alana Fernandes,198.257.643-09,47,1976-08-29,"Estação Rocha, 975, Marieta 2ª Seção, 56651-581 Cavalcanti de Silveira / SC",Tocantins
Sra. Mirella Rezende,247.910.538-50,50,1973-08-29,"Vale de Cavalcanti, 98, Vila Havaí, 39064-438 da Mota / ES",Acre
Gabrielly Moreira,608.432.751-62,52,1971-09-18,"Lago Caldeira, 363, Barão Homem De Melo 1ª Seção, 77549-927 Cardoso / AM",Mato Grosso
Sra. Sofia Souza,605.384.719-48,90,1933-06-14,"Vila Gomes, 366, Serra, 76107-117 da Costa / PB",Goiás
Mariane Melo,735.619.820-77,74,1949-12-16,"Rodovia Ana Beatriz Cardoso, 97, Etelvina Carneiro, 35020-490 da Costa Grande / PR",Santa Catarina
Lorena Souza,048.652.197-49,36,1987-06-15,"Vereda Sales, 83, Ouro Minas, 23049-591 da Mata / AL",Amapá
Fernando Da Mata,280.156.437-08,27,1996-06-30,"Ladeira Clara da Cruz, 37, Aparecida 7ª Seção, 12075780 Mendes de Pires / PB",Piauí
Laura Cardoso,821.405.736-17,29,1994-04-26,"Setor de Costa, 1, Nova America, 31050205 da Conceição / ES",Alagoas
Marina Da Cruz,724.183.650-26,51,1972-06-21,"Avenida Castro, 718, Santo Agostinho, 39257-743 Sales Paulista / PE",Piauí
Maria Rocha,163.247.980-03,39,1984-11-02,"Recanto Isabel da Conceição, 6, Vila Madre Gertrudes 4ª Seção, 17777517 Dias / RS",Mato Grosso do Sul
Pedro Henrique Almeida,318.764.950-57,46,1977-08-25,"Núcleo de Rodrigues, 95, Maria Virgínia, 67632-408 Jesus / AM",Amapá
Dr. Davi Luiz Nunes,604.579.123-16,88,1935-08-19,"Setor de Barros, 58, Vila Ouro Minas, 24854-759 Rodrigues / SP",Amapá
Vitor Gabriel Costela,175.409.326-43,56,1967-04-15,"Praia Pietra Caldeira, 60, Túnel De Ibirité, 60413-374 da Mota dos Dourados / GO",Mato Grosso do Sul
Dr. Luigi Barbosa,641.739.085-39,99,1924-11-24,"Quadra Yasmin Caldeira, 4, Salgado Filho, 37428997 Moreira do Galho / PE",Distrito Federal
Rodrigo Azevedo,687.410.953-75,22,2001-12-06,"Praia de Nogueira, Califórnia, 47799937 Rodrigues / ES",Minas Gerais
Pedro Henrique Cardoso,324.017.958-04,50,1973-05-31,"Rua de Castro, 65, Vila Jardim São José, 53839-720 Fernandes Paulista / PA",Espírito Santo
Sr. João Cardoso,032.758.964-74,19,2005-03-03,"Pátio Antônio da Mota, 79, Maria Virgínia, 80967-589 da Luz / PR",Goiás
Maria Julia Nunes,381.756.402-35,76,1947-10-09,"Setor de Ferreira, Lorena, 53700673 da Luz / RN",Mato Grosso
Fernanda Duarte,453.216.980-15,23,2000-10-31,"Vereda da Rocha, 6, Bandeirantes, 97565092 Rodrigues do Galho / MA",Amazonas
Marcos Vinicius Oliveira,280.153.796-95,81,1943-03-02,"Parque de Azevedo, 8, Lagoinha Leblon, 23921-386 Alves / AL",Mato Grosso do Sul
Leandro Aragão,124.573.098-32,99,1924-10-17,"Campo Gabriela Rodrigues, 9, Piraja, 67344423 Porto do Amparo / AC",Rondônia
Maria Alice Vieira,832.506.714-44,68,1955-05-04,"Via Nogueira, 82, Andiroba, 03233-852 Moraes / SE",Alagoas
Ana Luiza Jesus,541.896.327-91,65,1958-06-14,Sem endereco,Bahia
Guilherme Cardoso,197.582.630-21,72,1952-03-27,"Trevo Nicole da Cruz, 7, Conjunto Providencia, 11509884 Cavalcanti de Minas / RS",Santa Catarina
Luiz Felipe Azevedo,439.160.725-52,49,1975-03-19,"Campo Erick Fernandes, 464, São Benedito, 76887327 Campos de Mendes / AC",Rio Grande do Norte
Nathan Araújo,813.402.695-89,60,1963-06-14,"Quadra de Martins, Nazare, 23016-369 Oliveira de Minas / AM",Paraná
Clara Ferreira,467.319.852-28,79,1945-01-22,"Fazenda de Ferreira, 76, Conjunto Paulo Vi, 54239086 Nunes / MS",Goiás
Felipe Da Mata,634.920.187-69,85,1938-12-02,"Estrada Gabrielly Rocha, 634, Ouro Minas, 95202077 Viana / PA",Rondônia
Enzo Gabriel Azevedo,789.531.604-48,67,1956-04-27,"Estação Cardoso, 175, Barão Homem De Melo 1ª Seção, 09804148 Gonçalves do Galho / SC",Pará
Maitê Barbosa,231.648.705-07,20,2003-05-18,"Estrada Duarte, 37, Marmiteiros, 24369771 Ribeiro do Galho / MS",Distrito Federal
Srta. Isis Da Cruz,073.618.249-78,89,1934-08-30,"Praia Moreira, 20, São Jorge 2ª Seção, 94716-893 Duarte da Mata / TO",Rondônia
Otávio Da Mata,835.072.469-29,51,1972-05-06,"Largo de da Cruz, 431, Mangueiras, 02714780 Azevedo / TO",Paraná
Sophie Castro,165.328.479-09,40,1983-05-27,"Trevo de Moraes, 78, Bairro Das Indústrias Ii, 45125491 Sales / TO",Rio Grande do Norte
Diogo Da Cunha,263.895.041-60,33,1990-05-29,"Distrito Kaique Costa, 17, Novo Glória, 46996567 Souza do Galho / RJ",Maranhão
Benício Fernandes,389.160.527-77,30,1993-09-13,"Condomínio da Cunha, 964, Conjunto Califórnia I, 67255-410 da Cruz / ES",Alagoas
João Pedro Silva,523.846.091-06,45,1978-12-25,"Praia de Almeida, 38, Vila Nova Gameleira 3ª Seção, 54576-192 Vieira da Prata / MG",Pernambuco
Heloísa Cunha,260.935.487-83,20,2003-11-15,"Aeroporto Santos, 94, Ademar Maldonado, 41937-961 Moraes do Sul / PI",Pernambuco
Bruno Novaes,190.734.658-93,72,1951-04-05,"Alameda de da Mata, 18, Barroca, 13387129 Gomes / MS",Amapá
Levi Cavalcanti,291.367.458-55,80,1944-03-25,"Aeroporto Aragão, 8, Guarani, 57857653 Rocha / DF",Bahia
João Pedro Lopes,407.389.216-96,53,1970-04-15,"Vereda Daniel Gonçalves, 6, Bacurau, 96830-555 Cardoso / PB",São Paulo
Heloísa Da Luz,569.471.830-57,61,1963-01-03,"Conjunto de Cunha, 63, Estrela, 07472157 Almeida Alegre / SP",Rondônia
Lorena Gomes,298.036.457-65,20,2004-03-18,"Rodovia de Cavalcanti, 47, Capitão Eduardo, 09605665 Ribeiro / AP",Sergipe
Milena Vieira,623.518.490-51,97,1927-01-05,"Loteamento Thiago Fernandes, 51, Graça, 12694-138 Martins / PB",Distrito Federal
Milena Ramos,160.527.493-34,46,1977-09-06,"Praça Breno Ribeiro, Vista Do Sol, 12554-127 Viana de Jesus / PB",São Paulo
Vitor Hugo Ramos,286.790.413-78,73,1951-02-14,"Viela Alice Nogueira, 65, Olaria, 24640044 Duarte Verde / MA",Distrito Federal
Ana Julia Nascimento,197.034.862-31,63,1960-10-04,"Aeroporto Cavalcanti, Coqueiros, 47705002 Farias / SE",Pará
Dr. Enrico Carvalho,254.079.386-00,54,1969-04-10,"Travessa de Santos, Garças, 00882775 Nogueira do Oeste / MT",Pernambuco
Vitor Hugo Cunha,701.638.549-39,91,1933-02-02,"Passarela Isis Porto, 38, Capitão Eduardo, 59540065 da Cruz / PA",Santa Catarina
Dr. Samuel Moura,402.517.398-05,22,2001-11-24,"Parque Daniel Pinto, 7, Vista Alegre, 12655421 Gomes da Praia / MT",Distrito Federal
Luana Nascimento,314.726.089-50,30,1993-12-13,"Vila Letícia da Paz, 17, Marajó, 64325-663 Costa / CE",Mato Grosso do Sul
Dra. Maria Vitória Viana,250.397.846-00,98,1926-03-20,"Colônia de Moura, Morro Dos Macacos, 29779-356 Campos / PR",Pernambuco
Sr. Calebe Duarte,936.124.087-04,60,1963-05-07,"Alameda João Pedro Castro, 14, Vila Fumec, 55701851 Mendes / AM",Bahia
Leonardo Costela,624.850.739-29,31,1992-11-16,"Via de Jesus, Caetano Furquim, 82505-115 Costa do Galho / MG",Maranhão
Benício Moreira,136.294.085-24,44,1980-01-21,"Feira Marcos Vinicius da Cruz, 317, Leonina, 67749-105 Teixeira / MA",Distrito Federal
Lucca Mendes,819.720.564-76,83,1940-10-16,"Via de Ferreira, 44, Cidade Jardim, 02171-958 da Cunha das Flores / MG",Amapá
Sophie Farias,741.608.539-00,87,1936-05-09,"Aeroporto de Ribeiro, 65, Mariquinhas, 76708298 Aragão de Silveira / AM",São Paulo
Bruna Da Rocha,845.291.376-19,62,1961-06-10,"Loteamento Otávio Freitas, 74, Camponesa 2ª Seção, 58449619 Viana do Amparo / TO",Mato Grosso
Heitor Nascimento,493.578.106-84,81,1942-06-30,"Área Maria Fernanda Pinto, Nova Pampulha, 46952516 Cunha / MT",Acre
Rafael Porto,629.875.103-30,27,1996-04-24,"Alameda da Mata, 64, Vila Boa Vista, 13036-905 Gonçalves / MG",Espírito Santo
Luiz Miguel Da Paz,647.531.029-80,30,1993-06-20,"Estrada de Ribeiro, 73, Buritis, 43666-726 da Paz da Mata / MG",Paraíba
Srta. Pietra Duarte,913.870.246-04,95,1928-07-02,"Aeroporto de Nascimento, 13, Pongelupe, 16189813 Ramos da Serra / PR",Roraima
Eloah Cunha,908.156.243-60,22,2001-10-13,"Chácara de Costa, 62, Aparecida, 43036-509 Fogaça / PI",Pernambuco
Bruna Rodrigues,625.170.489-67,21,2002-04-06,"Campo da Costa, 719, Olaria, 49786000 Fogaça da Mata / GO",Rio Grande do Norte
Felipe Monteiro,172.589.603-68,97,1926-12-21,"Quadra de Monteiro, 43, Novo Das Industrias, 16650333 Gomes de Araújo / CE",Amazonas
Isis Campos,178.409.325-41,38,1986-01-03,"Estrada Pereira, Vila Batik, 49494827 Fernandes / PE",Rio Grande do Sul
Vitor Novaes,586.721.034-08,77,1946-07-07,"Lagoa de da Rocha, 60, Jardim Atlântico, 97946895 da Cruz de Melo / PI",São Paulo
Yago Porto,907.486.135-01,42,1981-07-29,"Parque Alícia Cavalcanti, 234, Vila Piratininga, 01007-185 Alves / CE",Tocantins
Guilherme Campos,354.908.721-79,55,1968-11-20,"Largo de Duarte, 24, Barro Preto, 42665-603 das Neves / BA",Goiás
Vitor Moraes,297.413.560-99,26,1998-04-02,"Campo Enrico Lima, 20, Trevo, 56440-418 Rodrigues do Campo / TO",Rio Grande do Sul
João Gabriel Jesus,790.215.864-01,98,1925-06-10,"Favela Martins, 7, Barão Homem De Melo 2ª Seção, 94838-720 Vieira / ES",Tocantins
Dr. Vitor Hugo Rezende,796.504.218-58,28,1995-06-07,"Ladeira Barros, 84, Xodo-Marize, 45531-581 Santos / AP",Mato Grosso
Dr. Arthur Carvalho,081.475.329-97,38,1985-12-10,"Jardim Silveira, 35, Dona Clara, 99094-166 Moraes do Campo / RR",Rio Grande do Sul
Ryan Mendes,239.647.518-55,45,1978-04-27,"Viaduto Evelyn Ribeiro, 56, Dom Silverio, 54406-144 Caldeira de Minas / MG",Piauí
Ana Laura Silva,485.623.907-47,77,1946-04-24,"Campo de Farias, 77, Paulo Vi, 80754-580 Lima Paulista / AM",Piauí
Lorenzo Novaes,370.214.859-05,44,1979-08-31,"Loteamento Alice Freitas, 3, Santa Lúcia, 92358-703 Teixeira / AL",Sergipe
Cauê Cardoso,019.326.548-60,18,2005-08-09,"Trecho Alícia Monteiro, 61, São Jorge 3ª Seção, 48780702 da Paz das Flores / AL",Santa Catarina
Dra. Ana Luiza Silveira,324.769.180-40,82,1941-05-07,"Alameda Pinto, 59, Cinquentenário, 44694-989 Barros de Freitas / MT",Alagoas
Lavínia Azevedo,318.962.570-03,75,1948-10-17,"Condomínio Larissa Teixeira, 216, Olhos D'água, 41107119 Araújo de Alves / BA",Roraima
Letícia Jesus,451.962.387-19,76,1947-04-25,"Vale de da Mata, 75, Bela Vitoria, 70957619 Pinto da Prata / TO",Mato Grosso do Sul
Bruna Ribeiro,352.689.470-10,71,1952-09-11,"Trevo Beatriz Cardoso, Prado, 69816-364 Silveira de da Cunha / AP",Distrito Federal
Theo Da Mata,758.604.312-44,65,1958-08-04,"Feira Souza, 65, Santa Helena, 50266088 Novaes do Norte / AL",Mato Grosso do Sul
João Gabriel Porto,956.247.831-91,51,1972-08-14,"Fazenda Luiza Campos, 62, Horto, 82245-415 Farias / GO",São Paulo
Maria Julia Freitas,178.405.623-53,73,1950-08-31,"Loteamento de Gomes, 86, Liberdade, 11683-949 Nogueira / RS",Amazonas
Dr. Otávio Barros,683.710.592-21,26,1997-04-16,"Condomínio Marina Costela, 29, Morro Dos Macacos, 55993-371 Peixoto de Goiás / RR",São Paulo
Yasmin Gomes,827.516.430-35,99,1924-06-28,"Feira Letícia Nascimento, 5, Unidas, 19530508 Duarte / MA",Sergipe
Sofia Novaes,576.349.820-83,44,1979-07-31,"Aeroporto de Ribeiro, 57, Coração De Jesus, 29650-538 Pinto do Sul / MT",Paraná
Ian Da Luz,152.378.096-77,35,1988-10-26,"Feira Moura, 2, Das Industrias I, 02663-431 Lopes do Sul / PB",Rio Grande do Sul
Davi Luiz Souza,857.341.602-53,76,1947-10-04,"Favela Peixoto, 76, Mangueiras, 26284015 Dias / PE",Santa Catarina
Cecília Araújo,032.146.758-26,19,2004-08-02,"Distrito Rezende, 61, Jardim América, 93259-309 Mendes de Azevedo / MT",Amapá
Luiz Gustavo Duarte,381.072.456-44,59,1964-10-03,"Favela Caldeira, 98, Maria Helena, 45764587 Porto / DF",Tocantins
Ana Julia Cardoso,704.253.981-88,27,1996-10-19,"Chácara Campos, 423, Vila São Geraldo, 16112198 Peixoto / MG",Rondônia
Gabrielly Lima,560.172.389-30,98,1925-06-30,"Parque Alves, 70, Flavio De Oliveira, 53410009 Ramos de Rezende / RN",Rondônia
Heloísa Ribeiro,437.291.568-37,63,1960-12-19,"Sítio Luiz Gustavo Cunha, Nova Vista, 04718173 Cardoso de Rocha / RJ",Espírito Santo
Letícia Costa,530.469.218-70,43,1980-05-19,"Viela Yago Oliveira, 70, Serrano, 09463-810 Farias Paulista / RN",São Paulo
Ana Beatriz Da Rocha,438.759.201-04,79,1944-12-18,"Alameda João Fernandes, 25, Estrela Do Oriente, 46344769 Teixeira de Fogaça / GO",Rondônia
Benjamin Moura,975.431.028-97,21,2002-04-15,"Trevo de Rezende, 83, Coqueiros, 11231-598 Peixoto / AL",Paraíba
Ana Julia Fogaça,103.764.259-70,37,1986-05-15,"Área de Gonçalves, 31, Vila Real 2ª Seção, 21471-324 Lopes de da Mota / RR",Amazonas
Clara Da Mata,354.672.908-00,40,1983-08-09,"Aeroporto de Gomes, 936, Vila Santo Antônio, 04382205 Carvalho Alegre / MT",Tocantins
Fernanda Oliveira,102.938.745-14,42,1981-10-30,"Trevo Correia, 72, Olhos D'água, 44387-007 Moreira / RN",Santa Catarina
Laura Das Neves,723.640.589-29,25,1999-02-26,"Viaduto Vitor Gabriel Ferreira, 32, Minas Brasil, 10002726 Correia / GO",Roraima
Lívia Teixeira,694.720.583-29,39,1984-05-09,"Alameda Teixeira, 9, Vila São João Batista, 26639-492 Correia / AL",Paraíba
Eloah Moreira,904.361.758-00,89,1934-06-08,"Pátio de Nunes, 3, Vila Nova Dos Milionarios, 69899911 Gonçalves da Mata / CE",Paraná
Lívia Cardoso,619.543.702-61,87,1936-05-14,"Campo de da Paz, Nova Vista, 48502-316 Costela / PE",Tocantins
Augusto Freitas,930.751.648-01,62,1961-08-23,"Trevo Marcos Vinicius Jesus, 4, Alpes, 23410-106 Araújo / AL",Paraíba
Raquel Fernandes,467.250.891-94,76,1947-05-24,"Parque de Teixeira, 132, Vila De Sá, 37918-718 da Luz Grande / AM",Distrito Federal
Sr. Anthony Da Costa,614.295.730-07,32,1991-06-12,"Área Lima, 7, Vila São Francisco, 74051-909 Castro / PI",Piauí
Murilo Melo,431.069.572-80,22,2001-11-21,"Trecho Pires, 10, Nazare, 61544643 Fogaça / MS",Amapá
Srta. Mirella Barbosa,430.561.789-75,85,1939-01-31,"Pátio de da Rosa, Glória, 13351-045 Cardoso de Goiás / SE",Mato Grosso do Sul
Gabriela Das Neves,437.950.268-65,40,1983-04-17,"Avenida Emilly Pereira, Distrito Industrial Do Jatoba, 55933377 Melo de Farias / AL",Acre
Bruno Da Cunha,259.608.134-24,29,1994-05-08,"Quadra Costa, Bonsucesso, 67500713 da Rocha Alegre / MA",Distrito Federal
Alexandre Rodrigues,740.685.192-85,57,1966-07-07,"Vale Rezende, 20, Juliana, 20752-947 Sales / AL",Amapá
Natália Rezende,784.015.962-11,61,1962-04-30,"Sítio Nascimento, 64, São Lucas, 48051121 Azevedo de Goiás / MG",Paraná
Emilly Caldeira,732.591.046-07,23,2000-05-28,"Estrada Eduardo Porto, 85, Boa Vista, 91509-960 Martins Alegre / MA",Acre
Levi Azevedo,639.852.417-91,85,1939-02-05,"Estação da Cruz, 13, Primeiro De Maio, 42793309 Carvalho / PI",Maranhão
Nicole Da Rocha,567.238.104-90,23,2000-10-07,"Distrito Clara Viana, 41, Lajedo, 54222151 Fogaça / CE",São Paulo
Joana Moreira,435.012.968-51,64,1959-08-18,"Viela de das Neves, 139, Novo Glória, 61687564 Lima / DF",Piauí
Maria Eduarda Almeida,573.694.082-56,72,1952-03-12,"Travessa de Barros, 4, Santa Helena, 15465108 Farias de Aragão / PB",Pernambuco
Marcela Da Cruz,876.904.123-78,92,1932-03-05,"Viela Viana, 95, Santa Rita De Cássia, 96728-974 da Costa / CE",Tocantins
Helena Nunes,843.906.512-42,86,1937-08-16,"Feira Vieira, 28, Vila São Dimas, 98682-147 Costa de Goiás / SC",Rio Grande do Norte
Isaac Oliveira,209.418.756-01,50,1973-08-22,"Rodovia Cardoso, 377, Santa Cecilia, 73265406 Teixeira Alegre / MT",Rio de Janeiro
Manuela Pinto,094.728.615-20,39,1984-04-13,"Praia Almeida, 6, Beira Linha, 27060932 Carvalho / AM",Santa Catarina
Bryan Ramos,681.425.907-94,35,1988-06-03,"Aeroporto de da Rocha, 27, União, 59692448 da Mata do Sul / MS",Paraíba
Sr. Enzo Gabriel Fernandes,769.083.251-21,18,2005-08-24,"Rodovia Laís Nunes, 50, Vila Madre Gertrudes 2ª Seção, 84491232 Peixoto / RR",Minas Gerais
Brenda Ramos,269.478.305-83,97,1926-04-19,"Rodovia de Souza, 416, Conjunto São Francisco De Assis, 69793970 da Luz do Sul / PI",Minas Gerais
Yuri Rezende,564.392.810-89,97,1926-04-17,"Praia Costa, 3, Vila Santo Antônio Barroquinha, 01477044 Farias de Nogueira / AC",Mato Grosso
Luiz Miguel Da Costa,630.714.952-34,74,1950-03-09,"Via Porto, Conjunto Capitão Eduardo, 65105570 da Rosa dos Dourados / PR",Sergipe
Enzo Nogueira,187.306.492-69,62,1961-08-01,"Campo Cauã Freitas, 66, Xangri-Lá, 85645933 Moraes Verde / PB",Rondônia
Davi Lucca Azevedo,035.761.849-10,67,1956-09-30,"Condomínio Cunha, 74, Camponesa 2ª Seção, 72670-629 Viana / PA",Amazonas
Luiz Otávio Fernandes,716.089.542-85,69,1954-08-08,"Núcleo Pietro Barros, Vila Piratininga, 50655-157 Fernandes / PE",Minas Gerais
Thomas Correia,083.695.147-66,77,1947-02-14,"Aeroporto Melo, 31, Conjunto Celso Machado, 30242-400 Nunes Verde / AC",Bahia
Davi Lucca Teixeira,647.105.832-26,82,1941-11-16,"Condomínio de Lima, 66, Mirtes, 13523-948 Moraes / GO",Rio Grande do Sul
Luiz Gustavo Ribeiro,149.782.036-78,29,1994-09-19,"Pátio Davi Lucca Viana, 6, Gameleira, 40343223 Pires / PA",Paraíba
Pietra Da Mata,427.051.638-08,66,1957-05-27,"Feira Gonçalves, 4, Vila Paquetá, 10286777 Santos / AP",Mato Grosso do Sul
Joaquim Azevedo,016.243.957-16,69,1955-03-25,"Núcleo Viana, Conjunto Jatoba, 11680837 Moraes / RN",Goiás
Sra. Agatha Melo,506.139.824-60,26,1998-02-10,"Feira de Oliveira, 1, Mariquinhas, 46119-752 Moura de Minas / RN",Roraima
Maria Julia Lopes,613.875.920-68,55,1969-04-02,"Campo Araújo, 10, Tiradentes, 67151-903 da Cunha / GO",Rondônia
Dr. Marcelo Cardoso,862.405.317-07,78,1945-04-15,"Lagoa Ana Sophia Oliveira, Pedreira Padro Lopes, 62532-432 Teixeira / RN",Maranhão
Catarina Moreira,207.584.916-11,33,1991-03-29,"Jardim Sales, 42, Conjunto Minas Caixa, 22835-296 Ribeiro do Sul / RO",Minas Gerais
Heitor Vieira,089.275.634-92,74,1950-01-27,"Morro Aragão, 796, Estrela, 42612-351 Lima / MT",Amazonas
Luiz Fernando Da Luz,071.354.698-01,73,1950-04-09,"Aeroporto Pietro Oliveira, 4, Parque São José, 30217731 Nogueira de Minas / RR",Minas Gerais
Sabrina Silva,216.943.807-69,84,1939-06-06,"Rodovia Pedro Henrique Santos, 46, Lagoa, 22369254 Costa / AL",Rio Grande do Sul
Luiz Henrique Martins,648.913.572-82,45,1978-10-21,"Praia Ferreira, 17, Heliopolis, 19236-190 Costela do Galho / RJ",Alagoas
Catarina Carvalho,196.045.738-10,46,1977-05-29,"Vila de Farias, 46, Minas Caixa, 76084-492 da Paz / AL",Pernambuco
Ana Vitória Azevedo,529.648.701-01,76,1947-08-10,"Campo Yasmin Moreira, 49, Funcionários, 43663-204 Freitas / AP",Rondônia
Thales Campos,412.839.065-89,81,1943-03-08,"Avenida Lavínia Castro, 46, Marieta 2ª Seção, 68968100 Cavalcanti / SP",Paraíba
Thales Oliveira,369.124.870-50,82,1941-06-24,"Condomínio Levi Almeida, Vila Nova Cachoeirinha 3ª Seção, 36960-943 Araújo / AM",Goiás
Fernanda Cavalcanti,912.605.384-51,70,1953-11-28,"Viela Isis Gomes, 43, Petropolis, 41621418 Sales / AP",Alagoas
Dr. João Gabriel Da Conceição,831.674.905-00,46,1977-08-31,"Jardim Luiz Felipe Duarte, 1, Bela Vitoria, 95860979 Freitas do Amparo / RR",Amazonas
Noah Barros,310.286.579-86,32,1991-12-22,"Jardim Almeida, 48, Belvedere, 96441879 Gonçalves / MS",Espírito Santo
Dr. Felipe Novaes,685.213.097-59,51,1972-10-29,"Pátio de Ribeiro, 16, Pindura Saia, 56423394 Martins do Campo / RJ",Espírito Santo
Luiz Fernando Aragão,120.947.865-01,19,2004-09-15,"Ladeira Mariane Santos, 7, Distrito Industrial Do Jatoba, 22231939 Lopes de Vieira / SE",Distrito Federal
Ana Júlia Cardoso,812.569.704-76,82,1941-11-04,"Vila Silveira, 86, Gameleira, 42269180 Barros / PB",Bahia
Marina Ramos,068.459.237-10,60,1963-05-08,"Ladeira Duarte, 35, Urca, 65624052 da Rocha de Minas / MT",Amazonas
Dra. Joana Lopes,619.802.457-11,57,1966-06-26,"Viaduto de Novaes, 952, Dom Cabral, 69283354 Correia / SP",Sergipe
Isabel Duarte,146.897.230-87,57,1966-12-27,"Aeroporto Isaac da Conceição, 1, Vila Jardim Montanhes, 56147352 da Mota / MT",Acre
Paulo Jesus,078.429.635-92,53,1970-04-25,"Fazenda de Porto, 4, Santa Lúcia, 21597335 Jesus da Praia / PR",Rio de Janeiro
Laura Costa,540.362.179-25,84,1940-02-27,"Distrito de Moraes, 56, Alto Vera Cruz, 37718933 Mendes / AP",Alagoas
Sra. Milena Pinto,280.361.495-24,64,1960-02-29,"Jardim Novaes, 13, Sion, 42069-041 Ribeiro das Flores / RO",Pernambuco
Danilo Ribeiro,109.426.753-80,67,1956-06-20,"Ladeira de da Conceição, 76, Venda Nova, 04773-982 Alves / TO",Minas Gerais
Lívia Nunes,742.380.591-23,49,1975-03-14,"Passarela de Porto, 65, Pousada Santo Antonio, 35531-299 Mendes do Amparo / PI",Bahia
Alícia Rodrigues,349.576.012-16,51,1972-08-26,"Travessa de Farias, 9, Esplanada, 66582980 Rodrigues de Pinto / RS",Goiás
Agatha Rezende,057.128.349-79,94,1929-10-25,"Parque da Luz, 3, Grajaú, 70106998 Rocha do Campo / RR",Maranhão
Juliana Santos,605.283.719-59,93,1930-09-18,"Parque de Silveira, 6, São Jorge 3ª Seção, 94014349 Oliveira de Alves / MS",Sergipe
Maria Fernanda Da Conceição,408.753.129-50,62,1961-09-26,"Campo Santos, 714, Alto Barroca, 91375590 Araújo / RJ",Amazonas
Daniela Barbosa,861.325.749-64,35,1988-04-19,"Área de Moreira, 82, Das Industrias I, 57160931 Pinto / DF",Roraima
Arthur Pinto,562.304.791-25,30,1993-07-08,"Viela Kamilly Cunha, Vista Do Sol, 09969992 Peixoto / SP",Goiás
Emanuel Aragão,910.648.375-57,41,1982-09-04,"Campo de da Cruz, 22, Conjunto São Francisco De Assis, 97327024 Dias / SC",Santa Catarina
Dra. Alice Vieira,936.471.508-00,77,1946-12-28,"Rodovia Cunha, Das Industrias I, 80439-199 Aragão de Minas / MA",Pará
Maria Cecília Moreira,805.671.324-71,65,1959-02-18,"Passarela João Pedro Nunes, 6, Vila Oeste, 84706-059 Fernandes de Nogueira / DF",Mato Grosso do Sul
Sem nome,532.789.041-41,73,1950-10-01,"Estação Alves, 8, Vila Petropolis, 42191461 Correia / PE",Pernambuco
Maria Vitória Campos,380.514.679-57,55,1968-07-05,"Viela da Costa, 16, Canadá, 89005-825 Monteiro do Galho / MA",Pernambuco
Isabel Da Conceição,819.074.635-93,89,1934-11-12,"Vale Nogueira, 8, Bela Vitoria, 66713-213 da Cruz Verde / CE",Ceará
Sem nome,013.469.728-69,44,1979-09-06,"Parque Helena Pires, 852, Vila Jardim São José, 41877182 Lima / AL",Roraima
Dr. Thomas Nunes,967.831.542-46,81,1942-08-14,"Vereda da Mota, 37, Vila Da Luz, 50836-481 Moura / SE",Piauí
Lucca Moura,718.324.506-35,37,1986-12-20,"Praia Bryan Martins, 8, Santa Amelia, 78906-852 Araújo / SE",Piauí
Diogo Souza,169.208.537-95,65,1958-07-13,"Largo Maysa Cavalcanti, 6, Vila Satélite, 94991-235 Ferreira da Mata / AP",Minas Gerais
Juliana Costa,980.314.567-39,53,1970-08-20,"Alameda de Campos, 32, Vila São Rafael, 35493-001 Cardoso da Serra / AL",Rio Grande do Norte
Eduarda Da Costa,739.064.581-48,88,1935-07-10,"Jardim de Lima, 1, Das Industrias I, 92943262 da Cruz / MT",Sergipe
Alana Freitas,427.865.193-73,50,1973-07-15,"Aeroporto Noah Jesus, Diamante, 89754-825 Martins / BA",Mato Grosso do Sul
Murilo Ramos,374.259.681-00,97,1927-01-02,"Feira Jesus, 20, Aparecida 7ª Seção, 51628446 Cavalcanti da Praia / DF",Piauí
Cecília Souza,294.870.651-30,20,2003-04-15,"Campo Emanuelly Gonçalves, 51, Novo Glória, 59410-071 Carvalho / BA",Rondônia
Raul Martins,187.365.402-26,96,1927-10-17,"Alameda de Carvalho, 150, Saudade, 84797278 Vieira / RR",Pernambuco
Renan Cavalcanti,072.685.391-77,69,1954-05-29,"Trevo Nina Pereira, 99, Álvaro Camargos, 69871484 Novaes / CE",Amazonas
Sr. Diego Pires,842.107.593-41,34,1989-10-25,"Morro Eduarda Farias, 92, Aarão Reis, 37463172 Castro / AC",Sergipe
Sofia Da Rocha,719.034.862-03,57,1966-10-08,"Vale Davi Luiz Dias, 709, Vila Oeste, 89234785 Silva da Serra / CE",Santa Catarina
Lorenzo Dias,271.346.098-04,98,1925-09-08,"Favela Elisa Barbosa, 521, Jardim Vitoria, 00115723 Cardoso / SC",Paraná
Sr. Vitor Souza,426.583.097-83,73,1950-11-04,"Aeroporto Laura Gonçalves, 7, Vila Vista Alegre, 73615-878 Ramos de Goiás / MG",Alagoas
Vitor Gabriel Cardoso,354.802.917-50,30,1993-10-14,"Setor de da Luz, 81, São Cristóvão, 41556-273 Caldeira Alegre / GO",Tocantins
Pedro Rodrigues,790.846.152-20,98,1925-07-17,"Trevo de Moreira, 63, Araguaia, 62981-534 Ferreira de Dias / PI",Acre
Eduarda Teixeira,745.360.218-17,76,1947-07-26,"Ladeira Peixoto, 85, São Marcos, 20590392 da Mota / MA",Tocantins
Daniel Oliveira,753.108.264-08,34,1989-09-09,"Colônia Maitê Cardoso, Copacabana, 07346251 Pereira de Minas / DF",Goiás
Isadora Nogueira,129.350.847-05,29,1994-10-29,"Praia de Campos, 94, Candelaria, 17994-979 Farias / PR",Bahia
Sr. Fernando Moraes,768.291.350-95,96,1927-08-06,"Área Moreira, 8, Grajaú, 53772543 Lima / PA",Piauí
Luiza Araújo,246.095.783-10,70,1954-03-28,"Jardim de Dias, Mirtes, 61141993 Lima do Galho / CE",Paraíba
Maria Luiza Pires,620.159.487-67,46,1977-08-23,"Viela de Gonçalves, 79, Vila Havaí, 33045503 Pinto Grande / SC",Pará
João Lucas Das Neves,974.016.258-49,49,1975-03-17,"Campo de Nascimento, 5, Serra Do Curral, 96012712 Rezende da Praia / SP",Paraná
Vitor Gabriel Carvalho,387.652.940-92,86,1937-08-14,"Viaduto Farias, 15, Sagrada Família, 80186-004 Moura / PR",Goiás
Henrique Sales,196.308.745-39,57,1966-05-21,"Jardim Cavalcanti, 94, Petropolis, 67401928 Aragão Alegre / BA",Rio de Janeiro
Henrique Ferreira,360.921.457-07,29,1994-10-25,"Lago de Lopes, 6, Floramar, 54884-139 Barbosa / GO",Acre
Dra. Raquel Da Mota,263.497.108-78,33,1991-01-02,"Aeroporto de Fogaça, 29, Santa Sofia, 37979425 Santos / TO",Distrito Federal
Levi Melo,513.948.627-09,35,1988-05-03,"Travessa de da Luz, 42, Vila Nova Paraíso, 27079723 Farias / MS",Sem endereco
Ana Luiza Gomes,287.963.510-12,32,1991-08-14,"Estação de da Costa, 211, Pilar, 07901-377 da Costa da Serra / PA",Paraíba
Isaac Fernandes,572.193.064-07,77,1946-04-26,"Recanto Rodrigues, 80, Minas Caixa, 44325-470 Ramos de Minas / PI",Distrito Federal
Leandro Fernandes,018.526.394-15,65,1958-10-19,"Praia Daniel Barbosa, 847, Silveira, 71207-030 Barbosa / BA",Alagoas
Dr. Breno Sales,135.280.496-42,77,1946-05-08,"Estação Miguel Rodrigues, Coração De Jesus, 28628-790 Monteiro do Sul / AL",Acre
Rafael Araújo,481.270.635-17,84,1939-09-25,"Trevo Sofia Moreira, 67, Alta Tensão 1ª Seção, 71613-443 Gonçalves de Moraes / CE",Espírito Santo
Eduardo Da Costa,043.291.768-31,73,1950-06-14,"Quadra de Alves, 729, Camponesa 2ª Seção, 59140-150 Castro / PA",Mato Grosso do Sul
Dra. Larissa Fernandes,562.739.148-00,97,1926-07-18,"Aeroporto Jesus, 2, São Francisco, 56777283 Mendes do Galho / ES",Sergipe
Milena Da Rocha,864.129.570-49,80,1944-01-20,"Alameda Araújo, 53, Piratininga, 43263289 Freitas da Prata / MS",Rio Grande do Norte
Eduarda Aragão,362.578.140-90,76,1947-10-07,"Viela de Sales, 68, Nova Esperança, 18765-887 da Rocha Paulista / TO",Mato Grosso do Sul
Sr. Ian Barbosa,149.706.235-70,66,1957-10-27,"Morro Ryan da Luz, 43, Vila Nova Gameleira 2ª Seção, 51932151 Santos / PB",Ceará
Ian Cardoso,731.240.968-78,83,1940-04-23,"Área Ferreira, Jardim Montanhês, 48456-726 Rodrigues / AP",Rio Grande do Sul
Vitor Gabriel Ferreira,916.428.705-01,53,1970-10-29,"Conjunto Farias, 36, Silveira, 70212-072 Freitas / SE",Piauí
Rodrigo Melo,982.136.054-89,43,1980-07-04,"Praia Marina da Rosa, São Jorge 3ª Seção, 85701195 Azevedo / AC",Ceará
Anthony Rezende,831.756.409-66,93,1930-07-16,"Via de Viana, 68, Beija Flor, 12487-147 Barros / SC",São Paulo
Sra. Bianca Farias,783.506.142-26,32,1991-10-30,"Viela Campos, 2, Anchieta, 65687060 Gonçalves / MG",Acre
João Carvalho,298.370.514-50,91,1932-10-22,"Vereda de Aragão, 15, Horto, 91408-129 Novaes / RR",Rio Grande do Norte
Benício Da Costa,783.564.021-07,28,1995-07-03,"Vereda de Souza, 13, Europa, 86657-778 Pires / PR",Acre
Yuri Alves,896.315.072-03,86,1937-10-16,"Colônia da Costa, 7, Ouro Minas, 16870883 Oliveira / SE",Ceará
Gabriela Da Rosa,210.396.874-31,76,1947-12-18,"Vale de Caldeira, 8, Ribeiro De Abreu, 20825-399 Nunes dos Dourados / AL",Santa Catarina
Eduarda Da Conceição,238.670.945-00,99,1925-01-09,"Praia de Silva, 91, João Pinheiro, 24305-998 Nogueira / ES",Espírito Santo
Vicente Aragão,875.032.149-88,96,1927-11-03,"Avenida da Luz, Vila Inestan, 75092-067 Pinto de Nascimento / AL",Distrito Federal
Srta. Sabrina Teixeira,682.413.095-89,87,1936-06-01,"Estrada de da Rosa, 69, Jonas Veiga, 77228702 da Costa / AP",Rio de Janeiro
Antônio Santos,198.572.630-03,85,1938-09-14,"Morro da Rocha, 84, Tirol, 24197526 Moura / MT",Pernambuco
Dr. Lucca Pinto,526.938.714-09,21,2002-10-26,"Estrada Sabrina Freitas, 40, Acaba Mundo, 89103366 Campos da Prata / DF",Mato Grosso do Sul
Emilly Vieira,924.508.631-33,71,1952-11-01,"Recanto Miguel Moraes, 45, Penha, 68905986 Novaes / RS",Mato Grosso
Dr. Gabriel Da Mata,701.684.923-69,59,1965-02-28,"Feira de Farias, 28, Horto, 10092-770 Fogaça de Ribeiro / RS",Acre
Emanuella Azevedo,406.759.813-01,69,1954-11-23,"Sítio Moura, 50, Ápia, 72380-665 Melo da Prata / GO",Bahia
Ana Julia Rocha,618.542.930-60,47,1976-08-18,"Trevo Davi Lucca da Cruz, 72, Boa União 1ª Seção, 10620881 da Costa de Goiás / PI",Tocantins
Milena Castro,482.675.391-82,60,1964-02-06,"Chácara da Mota, 218, Conjunto Floramar, 77257-467 Freitas da Praia / RJ",Pernambuco
Lavínia Peixoto,204.378.591-50,72,1951-11-08,"Feira Martins, 78, Estrela Do Oriente, 98698651 Souza da Prata / RN",Distrito Federal
Enzo Gabriel Gomes,893.267.104-40,28,1995-12-20,"Setor Luiz Henrique Monteiro, 4, Madri, 31999823 Nascimento / MG",Distrito Federal
Laura Fogaça,196.027.534-80,34,1989-12-12,"Chácara de da Mota, 4, Pompéia, 37543-030 Correia / PA",Alagoas
Sr. Vitor Da Mata,062.317.498-78,60,1963-10-06,Sem endereco,Rio Grande do Sul
Sophie Pinto,023.874.619-40,29,1995-01-27,"Residencial Noah Mendes, Vila Atila De Paiva, 80740422 Vieira das Pedras / SC",Rondônia
Sr. Kaique Peixoto,726.980.354-47,62,1962-03-20,"Fazenda Moraes, 80, Vila Vista Alegre, 10237716 Rezende / ES",Santa Catarina
Luiz Henrique Mendes,248.671.095-76,90,1934-01-18,"Travessa Leandro da Mata, 898, Vila Sesc, 45312-734 Pinto Verde / RO",Pará
Sr. Felipe Barros,569.174.380-57,48,1975-04-08,"Área Raquel Moura, 8, Mangabeiras, 98516774 Freitas das Pedras / TO",Sem endereco
Ana Beatriz Pereira,798.130.564-01,54,1970-01-01,"Condomínio de Santos, Jaraguá, 26568-369 da Paz / MG",Santa Catarina
Sr. Rafael Silva,238.694.105-15,26,1997-04-26,"Estação Lara Almeida, 67, Sagrada Família, 07156-430 Correia / PE",Maranhão
Dra. Olivia Mendes,189.425.703-05,90,1933-10-10,"Residencial de Mendes, Jardim Guanabara, 59537-246 Fernandes do Galho / RR",Sergipe
Eduardo Sales,052.439.678-74,39,1984-12-11,"Aeroporto Emanuel Barros, 4, Tres Marias, 65237-430 Alves das Flores / DF",Pernambuco
André Rodrigues,375.146.289-91,73,1951-02-18,"Trecho Gomes, 3, Barreiro, 95102-156 Fernandes do Amparo / GO",Piauí
Sophia Cavalcanti,092.836.475-56,91,1932-05-25,"Alameda Paulo da Cruz, 70, Vila Madre Gertrudes 3ª Seção, 39239-552 Ribeiro / PR",Amazonas
Carolina Sales,519.078.623-40,32,1992-02-06,"Residencial Pinto, 95, Etelvina Carneiro, 81148942 Rezende / DF",Bahia
Lucas Monteiro,654.938.217-37,76,1947-06-29,"Lagoa de Silveira, 91, Trevo, 06218590 Cavalcanti / PI",Maranhão
João Felipe Dias,850.643.912-42,52,1972-04-03,"Condomínio Moura, 504, Santa Helena, 43343-451 Moreira do Norte / SE",Sergipe
Dr. Ian Fogaça,248.307.519-32,93,1931-01-25,"Distrito de Cavalcanti, Vila Barragem Santa Lúcia, 47512-712 Peixoto / RJ",Tocantins
Lorena Barros,785.063.942-10,83,1940-04-24,"Favela Letícia Jesus, 34, Novo Ouro Preto, 49782-391 Caldeira de Minas / MG",Alagoas
Sra. Ana Clara Teixeira,760.213.958-59,49,1974-11-23,"Feira de da Conceição, 796, Mangabeiras, 18099340 Farias / SE",Roraima
Natália Monteiro,481.507.239-60,81,1942-10-22,"Morro de Ramos, Conjunto Taquaril, 44747-230 da Luz de da Rocha / AM",Rio Grande do Sul
Eduarda Duarte,893.752.061-30,20,2003-10-10,"Quadra Lopes, 69, Vila Da Paz, 26521494 Cardoso / CE",Acre
Larissa Carvalho,632.785.914-37,91,1932-05-21,"Jardim de Carvalho, 5, Santo André, 16152-953 Lopes das Pedras / AL",Roraima
Lara Moraes,549.683.127-09,18,2005-09-02,"Vereda Araújo, 18, Garças, 60268-221 das Neves do Amparo / PI",Paraná
Sophie Da Rosa,254.937.810-50,97,1926-10-06,"Pátio Fernandes, 59, Vila Ouro Minas, 16613784 Correia / AM",São Paulo
Olivia Martins,391.758.460-39,82,1941-04-13,"Jardim Vinicius Caldeira, 28, Jonas Veiga, 92977-860 Fernandes / DF",Ceará
Thomas Barros,105.832.679-12,72,1951-07-31,"Passarela de Araújo, 123, Andiroba, 73587-974 Peixoto / AM",Goiás
Davi Luiz Azevedo,478.213.906-31,59,1964-11-30,"Rodovia Eduarda Ramos, 87, Engenho Nogueira, 24750-721 da Mota / PB",São Paulo
Danilo Santos,297.468.531-55,97,1926-12-17,"Viela Ana Júlia Fernandes, 25, Pirineus, 80993-491 Caldeira do Oeste / AC",Pará
Sr. Enzo Porto,496.105.872-67,98,1925-04-20,"Vereda Cauê Barbosa, 141, Conjunto Providencia, 93386492 da Rosa de Minas / MA",Mato Grosso
Bianca Alves,304.856.971-57,67,1956-11-22,"Campo Rodrigues, 351, Brasil Industrial, 54149-753 Barros de Lopes / MS",Santa Catarina
Alexia Das Neves,267.095.384-00,85,1938-04-16,"Residencial de Sales, 5, Vila Cloris, 86404551 Novaes das Flores / SE",Rondônia
Esther Campos,523.648.017-53,58,1965-07-25,"Área de Castro, 108, Nova Vista, 35970-851 da Mota de da Conceição / PI",São Paulo
Ana Júlia Freitas,584.163.270-17,58,1965-06-28,"Estrada Fernanda Jesus, 2, Santa Margarida, 84192258 Ramos / AC",Goiás
Maria Vitória Da Mata,826.549.107-76,57,1967-01-02,"Lagoa Pietro da Cruz, 524, Vila Santa Monica 2ª Seção, 97865-496 Carvalho / RO",Pará
Ryan Da Mata,172.394.650-80,20,2003-06-17,"Rodovia de Porto, 90, Marieta 2ª Seção, 21253207 Cavalcanti da Praia / GO",Alagoas
Emilly Ribeiro,584.039.721-05,22,2002-03-16,"Parque de Gomes, 71, Mala E Cuia, 39690-144 Ribeiro / PA",Rio Grande do Norte
Bernardo Pinto,217.358.960-12,94,1929-10-07,"Esplanada de Moura, 30, Vila Petropolis, 06003-306 Silveira de Minas / PA",Pernambuco
Nicole Peixoto,829.610.543-89,67,1956-12-02,"Distrito Moraes, Indaiá, 48826-926 Fernandes / MS",Minas Gerais
Isaac Da Conceição,867.904.512-85,75,1948-11-10,"Lago da Luz, 59, Suzana, 31058-064 Oliveira Grande / AM",Goiás
Davi Lucca Santos,571.896.432-73,62,1962-01-22,"Favela Beatriz da Costa, 77, Antonio Ribeiro De Abreu 1ª Seção, 84156036 Pereira / RJ",Rio de Janeiro
Paulo Lopes,186.920.475-11,67,1956-05-05,"Passarela Davi Lucca Lopes, 37, Ernesto Nascimento, 98206-073 Viana das Pedras / MG",Maranhão
Sophie Vieira,938.740.256-83,36,1987-06-09,"Vereda de da Mota, 564, Jaqueline, 26975-832 da Cunha Verde / MA",Piauí
Rodrigo Da Cruz,648.157.092-11,51,1973-01-20,"Favela Costa, 372, Serra, 52549990 da Mota / GO",São Paulo
Sr. Samuel Barbosa,903.148.725-23,30,1993-12-08,"Distrito Jesus, 34, Vila Rica, 50869292 Sales / RS",Amazonas
Dr. Cauê Ramos,109.742.536-34,70,1953-07-26,"Viela de Castro, 27, Álvaro Camargos, 66324-461 Campos de da Conceição / DF",Rondônia
Bruno Jesus,354.129.068-42,27,1997-03-19,"Campo Moreira, 48, Tirol, 08973-162 Moraes de Almeida / RN",Espírito Santo
Lívia Correia,843.267.059-65,52,1972-01-20,"Favela de da Rocha, 6, Carlos Prates, 05310779 Moura / MS",Mato Grosso
Enrico Da Rocha,241.085.396-05,26,1997-08-11,"Condomínio Maria Julia Cavalcanti, Vila São Dimas, 11528497 Moraes / PA",Pernambuco
Rafaela Aragão,269.480.317-22,73,1950-06-18,"Chácara Maria Fernanda Castro, Marajó, 14151560 Cardoso / PB",São Paulo
Dr. Marcos Vinicius Farias,475.216.309-80,88,1936-01-19,"Ladeira Castro, Jardim São José, 72626-905 da Cruz Alegre / MA",Pernambuco
Larissa Lopes,015.672.389-12,78,1946-03-27,"Largo Cavalcanti, 96, Floramar, 83933940 Pires / SC",Pernambuco
Isadora Carvalho,917.830.264-13,99,1924-09-06,"Pátio de da Paz, 57, São João, 47963078 da Rosa / SC",São Paulo
Sr. Vitor Da Rocha,234.809.516-51,77,1946-05-21,"Recanto de Novaes, 32, Serra Do Curral, 05842-432 Barros / TO",Rio de Janeiro
Isadora Pereira,501.489.326-06,92,1932-01-08,"Jardim Stella da Costa, 91, Pompéia, 17635-424 Rocha Verde / BA",Mato Grosso
Dr. Bernardo Da Cunha,147.253.908-79,50,1973-10-24,"Residencial Marina Azevedo, 89, Lagoinha Leblon, 75184-425 Moraes de Goiás / MT",Paraíba
Gabrielly Mendes,954.823.710-50,46,1977-04-13,"Praça João Rezende, 30, Céu Azul, 16339-527 Vieira / RJ",Roraima
Sr. Bruno Da Mata,473.961.502-99,94,1930-03-18,"Chácara Alice Ferreira, 678, Vila Calafate, 86268453 Teixeira de da Conceição / TO",Goiás
Breno Rocha,237.651.094-52,59,1964-05-01,"Estação de Rodrigues, Tres Marias, 70341-376 Martins das Pedras / PA",Sergipe
Luigi Ferreira,148.627.593-19,69,1954-08-11,"Trevo Vieira, Nossa Senhora Aparecida, 77209-204 Silveira / AP",Mato Grosso
Davi Lucca Da Cruz,862.147.309-78,71,1952-08-19,"Sítio de Novaes, 75, Vila São Dimas, 20206-108 Sales Grande / AL",Alagoas
Henrique Almeida,824.936.710-31,59,1964-10-26,"Área da Costa, 29, Dona Clara, 76291-483 Peixoto / MS",Ceará
Dr. Vitor Hugo Caldeira,943.521.086-42,36,1988-01-29,"Feira da Costa, 17, Vila Dos Anjos, 20897515 Oliveira da Serra / SE",Goiás
Alexia Souza,348.750.169-48,70,1953-09-20,"Lagoa Alves, 97, Buritis, 77554-758 Dias / MT",Piauí
Luiza Azevedo,683.725.094-92,73,1950-10-15,"Recanto Elisa da Mota, 8, Alípio De Melo, 27537027 da Rocha / AL",Rondônia
Dr. Kaique Da Mota,143.052.798-60,91,1932-10-03,"Setor Vinicius Moraes, 475, Nossa Senhora Aparecida, 22195398 Nascimento / TO",Minas Gerais
Laura Lima,051.892.473-41,82,1941-07-19,"Área Oliveira, 91, São Paulo, 64776374 Nunes / SP",Bahia
Raul Rodrigues,039.428.156-05,55,1969-03-10,"Aeroporto da Rocha, 499, Estrela, 98010-973 Lopes do Campo / BA",Bahia
Joaquim Melo,305.162.978-21,91,1932-11-23,"Ladeira Ribeiro, 6, Vila Santo Antônio, 39990-961 Peixoto / PE",Pernambuco
Benjamin Cardoso,054.738.621-44,80,1943-09-08,"Trevo da Cunha, 2, São Bento, 96921591 Correia / AL",Maranhão
João Miguel Lopes,741.632.085-26,33,1990-05-07,"Via de Nunes, 63, Olaria, 31900805 Alves / ES",Alagoas
Letícia Da Mota,587.163.902-02,24,2000-02-26,"Travessa de Lopes, 205, Mariano De Abreu, 95876862 Moreira / CE",Sergipe
Levi Da Rocha,840.965.372-92,40,1983-10-09,"Via Brenda Cunha, 49, Vila Da Ária, 86881385 Pereira das Flores / AC",Rio Grande do Norte
Lorena Caldeira,625.938.410-60,53,1971-02-02,"Praça Ana Luiza Fernandes, 5, Conjunto Jatoba, 06539-736 Peixoto / BA",Mato Grosso
Cauê Nogueira,473.829.561-64,96,1927-08-30,"Recanto Melo, Conjunto Providencia, 67379023 Sales Grande / ES",Paraíba
Sra. Yasmin Ferreira,805.297.631-68,85,1938-08-29,"Lago de da Cunha, 6, Custodinha, 00656680 Alves / RN",Rio de Janeiro
Nicole Almeida,529.718.403-79,90,1934-03-05,"Chácara João Gabriel Nogueira, Goiania, 01170-828 Farias da Prata / MG",Bahia
Fernando Pereira,560.237.918-59,47,1977-03-11,"Trecho de Rodrigues, 659, Alto Das Antenas, 14069474 Rocha do Sul / PR",Mato Grosso
Breno Pereira,916.278.345-91,28,1995-08-09,"Residencial Gabriela Azevedo, 35, Vila Rica, 93794-457 Barros do Sul / PI",Sergipe
Clara Dias,190.853.247-50,38,1985-11-16,"Conjunto da Conceição, 39, Outro, 24816322 Cardoso do Norte / DF",Mato Grosso
Dra. Milena Vieira,237.186.094-87,69,1954-09-16,"Campo Camila das Neves, 14, Granja De Freitas, 50083-987 Farias / MG",Pará
Vitor Gabriel Porto,394.076.152-43,86,1937-06-14,"Residencial Luiza Correia, 598, Savassi, 71706-964 da Costa / ES",Alagoas
Sr. Erick Da Rosa,971.680.543-84,25,1998-12-14,"Núcleo de Caldeira, Vila São João Batista, 94501805 da Cruz de Duarte / AL",Minas Gerais
Marcos Vinicius Da Cunha,709.168.342-04,32,1991-07-25,"Lagoa de Rodrigues, 23, Vila Nova, 35353077 Martins Verde / RN",Rio Grande do Norte
Sra. Nina Pires,651.847.023-26,44,1979-09-23,"Viela Eloah Cunha, 42, Vila Suzana Primeira Seção, 51015-275 da Mota / RS",São Paulo
Felipe Ribeiro,259.386.014-60,77,1946-10-24,"Núcleo Maria Julia Cunha, 21, Vila Santa Rosa, 63315732 Castro de Minas / PE",Mato Grosso
Maria Julia Porto,864.015.273-07,35,1989-01-18,"Alameda Nascimento, Vila Suzana Primeira Seção, 96587270 da Luz / GO",Alagoas
Pedro Cardoso,125.370.849-50,35,1988-05-28,"Travessa de da Rosa, 86, Itaipu, 42656-531 Santos de Fogaça / PA",Paraíba
Rebeca Da Paz,047.196.853-66,57,1966-04-11,"Sítio de Costa, 5, Pantanal, 19576291 Costa / TO",Paraná
Enrico Gonçalves,637.954.128-46,84,1940-01-24,"Campo Bernardo Barros, Conjunto São Francisco De Assis, 33001-880 Ramos / MG",São Paulo
Murilo Campos,031.429.876-22,97,1926-09-20,"Recanto Silva, João Paulo Ii, 63796-922 da Cunha / SP",Acre
Olivia Porto,608.592.743-65,38,1985-12-23,"Conjunto Almeida, 3, Bela Vitoria, 21477072 Martins do Oeste / AC",Rio Grande do Sul
Mirella Da Conceição,854.702.193-05,39,1984-11-21,"Pátio João Lucas Cardoso, 77, Maria Tereza, 79930-769 Martins / AM",Santa Catarina
Stephany Cardoso,453.287.196-46,89,1934-06-09,"Praia Luiz Gustavo da Luz, 83, São João Batista, 28346057 Ribeiro Paulista / RO",Bahia
Sr. Enrico Melo,829.635.104-89,99,1924-09-05,"Esplanada Farias, 252, Caetano Furquim, 48121749 Barros da Mata / GO",Piauí
Dr. Gabriel Souza,432.516.079-52,23,2000-06-21,"Rodovia de Costela, 116, São Geraldo, 32543-886 Vieira dos Dourados / CE",Pernambuco
Davi Jesus,914.326.570-70,51,1972-11-27,"Quadra Vieira, 230, Cdi Jatoba, 20549693 Cavalcanti de da Costa / RO",Bahia
Guilherme Freitas,517.032.496-07,43,1980-07-12,"Trecho de Caldeira, 369, Santa Sofia, 92148278 Pereira / SE",Santa Catarina
Theo Costa,705.914.826-49,81,1942-07-20,"Largo João Santos, 10, Vila Batik, 12375502 Gonçalves / RN",Rondônia
Dr. Gustavo Henrique Das Neves,430.965.178-00,98,1925-11-26,"Setor Juliana Fogaça, 605, Piraja, 18088-133 Barbosa de Minas / MA",Mato Grosso do Sul
Maria Luiza Gomes,821.346.507-53,79,1944-11-02,"Área Ana Vitória Martins, 56, Xodo-Marize, 75746599 Campos / BA",Sergipe
Davi Lucas Peixoto,610.347.258-07,36,1987-04-07,"Área Thomas Moraes, 58, Canaa, 13457754 Fogaça / RJ",Acre
Bruna Almeida,610.958.743-57,72,1952-03-26,"Chácara Mendes, 64, Varzea Da Palma, 34300875 Pereira de Aragão / PR",Rio Grande do Norte
Juliana Ramos,846.532.901-05,20,2003-07-11,"Vale de Duarte, 5, Horto Florestal, 61116-966 Costela da Prata / AM",Distrito Federal
Sarah Nascimento,560.143.972-99,77,1946-06-30,"Alameda das Neves, 1, Planalto, 82186-975 Gonçalves de Minas / MT",Acre
Brenda Da Luz,037.641.982-22,74,1950-03-11,"Viela Danilo Farias, 54, Lagoa, 03246-491 Gomes / PE",Mato Grosso do Sul
Heloísa Da Costa,648.975.132-19,80,1943-08-12,"Favela Correia, 6, Vila Dos Anjos, 59071766 da Luz das Flores / SE",Mato Grosso do Sul
Emanuella Araújo,758.319.462-82,64,1960-02-21,"Rodovia Maria Julia Peixoto, Jardim Guanabara, 02953-469 Almeida / AC",Piauí
Vitor Viana,036.791.524-34,65,1958-04-13,"Trecho de Oliveira, 41, Urca, 99982495 Monteiro do Norte / AC",Tocantins
Yago Lopes,720.351.896-59,75,1948-05-05,"Lagoa Danilo Fogaça, 756, Nova Gameleira, 87198340 Peixoto do Oeste / RO",Paraná
Lívia Souza,308.769.421-50,35,1988-09-11,"Colônia de Correia, 93, Laranjeiras, 00380618 Cunha / CE",Tocantins
Gabriela Cavalcanti,359.710.248-41,56,1967-04-05,"Setor Oliveira, 4, São José, 88628-790 Moraes do Sul / MA",Mato Grosso do Sul
Enzo Nogueira,309.527.864-00,82,1942-01-30,"Morro de Ferreira, Vila São João Batista, 46105897 Moreira Verde / MG",Piauí
Dr. Ian Barbosa,412.836.097-03,90,1933-04-10,"Alameda Eduardo Barros, 60, Gameleira, 29659334 Peixoto / PI",Piauí
Gabriela Rocha,348.067.512-35,34,1989-11-17,"Área Joaquim Nogueira, 98, Pedreira Padro Lopes, 80157-244 Carvalho / MA",Rio Grande do Norte
Maria Julia Martins,576.129.803-12,81,1942-11-12,"Loteamento de Nunes, 83, Jatobá, 30147296 Costa de Viana / PB",Minas Gerais
Dra. Marina Santos,950.827.316-02,57,1966-04-11,"Viela Alana Souza, 456, União, 33893264 Almeida / DF",Rio Grande do Sul
Heloísa Teixeira,635.018.274-07,87,1936-05-23,"Viela de da Cruz, 61, Bonsucesso, 08463-362 Castro / PA",Goiás
Paulo Farias,593.618.240-15,72,1951-11-18,"Esplanada Thomas Pires, 33, Providencia, 74600883 Azevedo do Sul / AP",São Paulo
Gabrielly Cardoso,127.539.460-43,95,1928-07-26,"Estrada da Cruz, Aparecida, 12482-253 Alves / AP",Acre
Davi Aragão,598.126.074-20,35,1988-09-24,"Residencial de Cardoso, 66, Vila Santo Antônio, 46634145 da Cruz Paulista / SE",Paraná
Yago Peixoto,380.294.156-05,95,1929-02-12,"Condomínio de Nunes, 436, Vila Betânia, 68017-566 Azevedo do Campo / PI",Paraíba
Erick Da Conceição,983.705.642-83,60,1963-08-25,"Morro Nunes, 657, Ipe, 17146-952 Campos / CE",Minas Gerais
Isis Araújo,216.940.837-13,69,1954-06-08,"Praia de Campos, 82, Vila Oeste, 65663001 Aragão / SP",Amapá
Dr. Nicolas Rezende,460.951.872-49,41,1982-07-01,"Esplanada Marcela Castro, 36, Flavio De Oliveira, 21776950 Ribeiro de da Mata / PA",Paraíba
Sr. Samuel Nascimento,914.356.082-24,65,1958-12-09,"Setor Luana Ramos, Nova Pampulha, 49464321 Melo da Prata / AC",Sergipe
Sra. Maria Fernanda Barbosa,718.340.692-03,89,1934-11-02,"Esplanada Pedro Nascimento, 71, Vila São Paulo, 82047968 Silveira / GO",Pará
Luiz Felipe Farias,069.853.472-74,80,1943-04-26,"Favela Kaique Fogaça, 19, Castelo, 89539-314 Farias de Goiás / AL",Pará
Sr. Calebe Silva,402.895.671-49,61,1962-05-24,"Rodovia de Castro, Santa Branca, 68988668 Carvalho do Norte / ES",Goiás
Emanuella Gonçalves,107.258.963-02,69,1954-07-17,Sem endereco,Goiás
Augusto Oliveira,246.503.781-17,32,1992-02-27,"Colônia Costa, 81, Vera Cruz, 52635474 das Neves / RO",Goiás
Pedro Azevedo,953.478.062-65,68,1956-03-02,"Vale Vieira, 49, Comiteco, 80646514 Moraes da Prata / RS",Maranhão
Sra. Maria Luiza Fogaça,650.138.924-06,67,1956-12-12,"Recanto de Moreira, 426, Santo Agostinho, 33803068 Lima do Oeste / MT",Amapá
Eduarda Oliveira,365.297.480-83,58,1965-09-27,"Sítio Clarice Sales, 99, Silveira, 99374-144 da Mota do Norte / PB",Sergipe
Paulo Ramos,490.257.316-43,21,2002-11-13,"Sítio Azevedo, Vila Mantiqueira, 13648723 Novaes de da Mota / DF",Mato Grosso
Beatriz Pires,275.691.803-21,34,1990-03-11,"Recanto de Castro, Centro, 11181216 Nogueira / MA",Minas Gerais
Fernando Azevedo,790.612.435-99,28,1995-05-19,"Estação Rafael Nunes, 90, Jardim São José, 13086960 Mendes / RO",Distrito Federal
Eloah Silva,037.562.194-61,89,1935-03-30,"Viela da Rocha, 160, Barão Homem De Melo 2ª Seção, 03877874 Santos / BA",Pernambuco
Caio Araújo,407.953.128-14,34,1989-12-18,"Morro Ribeiro, 11, Casa Branca, 18090-665 Costela de Duarte / GO",Amazonas
Sra. Valentina Sales,269.401.378-31,84,1939-08-08,"Sítio Ramos, 73, Cachoeirinha, 27212763 Jesus / MG",Paraná
Melissa Cunha,719.234.568-73,25,1999-02-17,"Ladeira Luiza Pinto, 9, Conjunto Minas Caixa, 29866-751 Aragão / MT",Pernambuco
Laís Da Paz,139.650.248-33,97,1927-01-09,"Lagoa Cavalcanti, 12, Vila Ecológica, 95149381 da Rocha da Serra / SP",Bahia
Heitor Silveira,183.062.459-89,89,1935-02-19,"Avenida Azevedo, Santa Maria, 65167615 Souza de Aragão / MA",Acre
Fernanda Moraes,064.153.782-44,45,1979-03-18,"Avenida Rocha, 13, Alta Tensão 2ª Seção, 99471-813 Silva de Lopes / PI",Roraima
Alana Souza,801.249.653-42,50,1973-12-06,"Praia Moreira, 1, Cardoso, 95586377 Rezende / SE",Piauí
Srta. Caroline Da Rosa,192.846.350-98,51,1972-05-26,"Passarela Rocha, 96, Buraco Quente, 12527333 Pinto do Galho / SP",Ceará
Stephany Vieira,682.430.791-22,46,1977-05-22,"Travessa Guilherme Carvalho, 7, Jonas Veiga, 17310105 Moraes da Mata / MS",Tocantins
Enzo Barros,794.105.632-16,67,1957-01-13,"Estação Fernandes, 85, Nova Floresta, 99679-423 Melo Verde / GO",Minas Gerais
Caroline Peixoto,036.519.782-30,66,1957-11-02,"Loteamento Thales Pires, 51, Vila União, 19864-623 Jesus / RR",Sergipe
Maria Vitória Novaes,804.951.672-58,39,1984-08-08,"Via Vieira, 26, Ouro Preto, 40712368 Oliveira de Gonçalves / GO",Roraima
Bruna Moura,240.561.398-06,94,1930-02-13,"Quadra Amanda Martins, 4, Universo, 19144-449 Novaes / MG",Rio Grande do Sul
Maitê Peixoto,501.274.968-58,61,1962-04-07,"Distrito Caldeira, 95, Serra, 65997-329 Ribeiro da Serra / PI",Rio Grande do Norte
Dr. Anthony Barbosa,749.318.650-20,20,2004-03-18,"Distrito de Fogaça, 13, Pompéia, 53877441 Vieira / AP",Minas Gerais
Alexandre Jesus,269.471.530-34,69,1955-03-01,"Aeroporto de Fogaça, 74, Vila Santa Monica 2ª Seção, 60502356 Fogaça / BA",Piauí
Marcos Vinicius Campos,421.936.780-22,45,1978-11-19,"Trecho de Barbosa, 7, São José, 35218-132 da Cunha / RJ",Distrito Federal
João Miguel Moura,371.528.490-05,129,1894-07-21,"Praça de Costela, 38, Renascença, 34606-474 da Mota / MS",Roraima
Ana Júlia Cardoso,096.825.473-00,106,1917-10-02,"Praia da Mata, 88, Vila Piratininga Venda Nova, 49395-768 Barbosa / RJ",Bahia
Stella Rodrigues,870.629.354-92,126,1897-10-11,"Loteamento Maria Alice Costela, 63, Santa Maria, 89945979 Lopes / ES",Tocantins
Rebeca Da Rosa,640.731.289-22,11,2013-01-01,"Trecho da Mata, Barroca, 57152686 da Mata do Oeste / SC",Sergipe
Henrique Monteiro,378.529.164-73,6,2018-03-09,"Largo Theo Silva, 91, Nossa Senhora Da Conceição, 58201009 Santos do Amparo / SP",Espírito Santo
Ana Beatriz Teixeira,243.675.018-17,108,1916-03-14,"Viaduto Ferreira, 22, Goiania, 03047145 Teixeira do Galho / PE",Piauí
Luigi Da Rosa,316.092.874-87,5,2018-08-23,"Pátio de Rocha, 4, Cinquentenário, 90133939 Ribeiro / MG",Rio Grande do Norte
Melissa Dias,170.842.953-05,10,2014-02-21,"Quadra Isabel Castro, 40, Biquinhas, 73474-780 Porto / PI",São Paulo
Beatriz Nunes,483.651.072-44,129,1894-05-24,"Praça das Neves, 274, São Jorge 3ª Seção, 04812917 Moraes / SC",Rio Grande do Sul
Raquel Campos,213.869.074-13,124,1899-08-19,"Estação Ana Lívia Farias, 3, Vila Santa Rosa, 29209623 da Cunha do Sul / GO",Sergipe
Alícia Nascimento,578.310.692-59,111,1913-03-27,"Aeroporto Alícia Vieira, 84, Comiteco, 22332319 Costela / TO",Rondônia
Maria Julia Vieira,495.821.760-67,119,1905-03-20,"Vale Oliveira, 15, Gameleira, 25736494 Martins / PR",Mato Grosso
Igor Ramos,695.108.723-77,6,2017-06-29,"Lago de Caldeira, 4, Beija Flor, 80339055 Gonçalves de da Mata / AC",Pernambuco
Alice Cardoso,123.467.985-09,4,2019-10-14,"Viaduto Araújo, 76, São Bento, 81023-402 das Neves de Castro / PR",Bahia
Julia Das Neves,201.495.378-32,122,1901-06-30,"Praça Maria Sophia da Cunha, 71, Vila Batik, 49888-794 Porto Paulista / PI",Pernambuco
Kamilly Rezende,470.598.623-74,140,1883-06-04,"Setor de Pires, 39, Conjunto Jatoba, 35413804 Silveira / RO",Minas Gerais
Breno Freitas,205.941.738-41,16,2008-03-03,"Loteamento de Ferreira, 24, Nova Suíça, 04025468 Teixeira / PA",Amazonas
Ana Lívia Da Paz,347.890.162-69,17,2006-09-01,"Ladeira Gomes, 10, Califórnia, 16710644 Silva da Praia / RJ",Distrito Federal
Sr. Daniel Cavalcanti,609.138.254-33,6,2018-01-09,"Núcleo de da Paz, 894, Sion, 45639-116 da Cruz de Pereira / GO",Maranhão
Sr. Pedro Cavalcanti,863.591.470-84,1,2022-12-20,"Recanto de Melo, Nossa Senhora Do Rosário, 07870886 Monteiro / BA",Mato Grosso
João Melo,053.946.781-20,5225,,"Via de Santos, 172, Jardinópolis, 11026-705 Cardoso / AL",Alagoas
Eloah Viana,694.108.237-22,8890,,"Chácara Isabella Melo, 9, Engenho Nogueira, 48263-090 Cardoso / PB",Paraíba
Catarina Vieira,631.847.925-28,6850,,"Lagoa Moraes, 1, Fazendinha, 30786-621 Nunes / GO",Amapá
Dra. Emanuelly Da Luz,549.076.831-20,-398,,"Trevo Peixoto, 13, Jardim Alvorada, 88114547 Moura do Norte / RS",Amapá
Júlia Araújo,324.091.587-14,4068,,"Passarela de Alves, 45, Conjunto Celso Machado, 63777708 das Neves / AL",Pará
Enrico Aragão,496.017.253-34,2841,,"Trevo de Porto, Jardim Leblon, 25265042 Costela / AM",Pernambuco
Sr. Bruno Pires,428.176.095-49,-283,,"Quadra Pinto, 896, Nova Gameleira, 15951-609 da Mata Verde / AM",Pernambuco
Daniela Freitas,786.951.432-28,-620,,"Aeroporto de Pires, 59, Nossa Senhora Da Conceição, 58048-330 Nascimento / CE",Rondônia
Samuel Caldeira,801.726.935-86,3324,,"Campo Monteiro, Cabana Do Pai Tomás, 43706555 Correia de da Mata / AP",Rio Grande do Sul
Aaaaaaaaaaaaaaaaaaaaaaaaaaaaaaaaaaaaaaaaaaaaaaaaaaaaaa,930.674.852-38,38,1985-10-14,"Colônia da Rocha, 31, Jardim América, 88480-773 Barros de Goiás / RN",Alagoas
Aaaaaaaaaaaaaaaaaaaaaaaaaaaaaaaaaaaaaaaaaaaaaaaaaaaaaa,146.597.038-00,93,1930-08-27,"Estrada Nogueira, 21, Atila De Paiva, 84689-543 Nogueira / PB",Mato Grosso do Sul
Renan Da Luz,294.105.738-23,74,1949-07-29,"Rua não cadastrada, Bairro não cadastrado, 00000000 Cidade não cadastrada / PR",São Paulo
Caroline Costa,401.325.978-88,21,2003-02-20,"Rua não cadastrada, Bairro não cadastrado, 00000000 Cidade não cadastrada / RS",Pernambuco
Giovanna Farias,241.763.805-35,40,1983-08-14,"Rua não cadastrada, Bairro não cadastrado, 00000000 Cidade não cadastrada / RJ",Rio Grande do Sul
Maitê Araújo,496.283.175-55,52,1971-07-10,"Rua não cadastrada, Bairro não cadastrado, 00000000 Cidade não cadastrada / RS",Piauí
Lavínia Da Mota,039.485.716-00,21,2003-01-31,"Rua não cadastrada, Bairro não cadastrado, 00000000 Cidade não cadastrada / ES",Roraima
Igor Cardoso,345.061.892-05,49,1975-01-25,"Rua não cadastrada, Bairro não cadastrado, 00000000 Cidade não cadastrada / AM",Paraíba
Maria Julia Campos,018.639.472-13,98,1925-08-08,"Rua não cadastrada, Bairro não cadastrado, 00000000 Cidade não cadastrada / MG",Tocantins
Marcos Vinicius Das Neves,617.948.250-02,86,1938-03-23,"Rua não cadastrada, Bairro não cadastrado, 00000000 Cidade não cadastrada / RO",São Paulo
Isabel Barbosa,986.027.415-02,26,1997-12-17,"Rua não cadastrada, Bairro não cadastrado, 00000000 Cidade não cadastrada / MG",Ceará
Ryan Gomes,861.029.453-60,57,1966-05-17,"Rua não cadastrada, Bairro não cadastrado, 00000000 Cidade não cadastrada / SP",Acre
Breno Duarte,463.105.289-98,66,1957-10-07,"Rua não cadastrada, Bairro não cadastrado, 00000000 Cidade não cadastrada / TO",Rio de Janeiro
Eloah Peixoto,064.917.253-16,79,1944-05-23,"Rua não cadastrada, Bairro não cadastrado, 00000000 Cidade não cadastrada / MG",Sergipe
Luiza Sales,726.431.850-80,55,1968-05-01,"Rua não cadastrada, Bairro não cadastrado, 00000000 Cidade não cadastrada / GO",Rio Grande do Sul
Dr. Alexandre Sales,427.398.061-40,87,1936-06-05,"Rua não cadastrada, Bairro não cadastrado, 00000000 Cidade não cadastrada / SP",São Paulo
Alícia Campos,162.790.485-94,49,1975-03-20,"Rua não cadastrada, Bairro não cadastrado, 00000000 Cidade não cadastrada / GO",Piauí
Luigi Porto,826.509.374-83,43,1980-08-18,"Parque de Santos, 88, São João, 60112-833 Rodrigues / PI",Espírito Santo
